200
187 546 964
239 641 883
304 401 739
146 424 747
203 409 666
321 290 731
281 576 906
84 459 621
44 526 632
346 612 1219
81 492 800
341 769 1117
235 725 1198
246 444 816
4 211 283
331 382 749
115 346 539
34 212 338
242 474 851
287 507 1033
36 700 1035
152 657 1074
174 617 1035
72 450 732
62 545 712
40 220 260
19 221 309
9 453 515
292 435 777
167 297 591
275 635 1202
320 482 929
228 238 574
338 244 590
154 346 518
106 453 599
25 308 481
53 230 291
144 799 960
368 591 961
330 535 966
393 722 1118
147 344 548
88 246 427
262 393 777
220 593 997
84 773 972
150 480 804
91 569 918
70 231 406
3 503 731
248 406 833
362 622 1136
288 521 990
197 229 477
53 585 747
274 491 950
297 685 1271
256 441 784
162 530 833
321 637 1265
75 591 818
240 612 1130
207 495 722
132 216 352
308 667 1147
180 539 742
188 583 927
146 555 749
201 201 478
173 666 867
397 658 1340
268 256 628
384 437 886
378 209 644
32 770 982
345 232 637
243 529 982
314 299 730
70 537 802
162 363 664
99 380 522
18 251 361
239 431 695
382 532 914
57 325 513
383 501 1079
367 594 1063
248 526 1011
223 359 642
163 466 755
305 600 976
154 304 518
312 456 990
91 535 707
197 444 756
135 590 1017
4 218 331
317 407 738
19 236 280
214 687 983
323 358 808
354 769 1247
92 407 608
94 747 1070
249 319 654
306 462 950
11 800 858
216 674 1000
88 788 1105
22 513 665
153 611 823
53 615 779
129 336 500
15 733 1004
57 726 905
197 631 1099
272 447 908
259 370 747
3 432 490
38 576 642
325 286 748
10 794 875
209 396 700
34 617 851
181 560 929
369 426 812
44 227 319
252 635 1072
205 312 611
53 448 578
365 791 1464
230 225 533
268 374 812
164 343 608
53 412 474
123 260 408
199 768 1116
309 384 859
84 380 468
119 213 380
309 591 1154
214 465 681
155 644 999
303 531 992
230 626 883
246 573 953
84 686 927
379 617 1302
169 506 683
193 356 679
241 640 994
45 291 438
59 355 490
223 499 956
239 219 497
103 462 686
69 596 836
272 307 601
79 682 956
84 306 436
270 218 499
310 534 1006
79 509 706
265 592 904
89 263 472
237 775 1363
34 448 601
199 375 599
153 438 699
246 669 1016
240 616 916
126 694 991
363 353 746
89 291 512
130 600 824
300 291 678
30 516 574
83 278 468
365 458 1043
346 600 1156
345 387 779
312 429 941
194 493 933
243 456 720
373 471 973
227 595 918
387 439 858
296 519 1010
309 321 653
153 254 534
306 245 671
319 757 1097
171 554 776
285 355 800
390 717 1435
64 596 776
148 531 864
172 310 597
47 717 1074
