300
69 147 218
46 422 478
2 791 793
57 236 306
28 656 684
31 498 533
21 695 720
71 876 948
11 349 361
34 250 285
34 1375 1409
10 1015 1025
26 531 558
43 711 754
19 865 884
31 1368 1400
30 1183 1215
9 1492 1503
73 76 163
53 648 701
57 36 101
27 1295 1325
75 664 752
50 1167 1220
9 234 243
46 1195 1243
15 799 814
69 1493 1579
36 905 942
3 383 386
66 274 351
50 1442 1496
62 207 270
6 1292 1298
50 145 198
33 178 216
33 92 130
32 1349 1389
62 1100 1167
33 477 516
35 1242 1282
16 1384 1402
67 437 512
39 981 1026
20 305 328
61 495 561
11 1295 1307
51 1018 1076
39 944 984
65 1101 1172
46 868 914
58 859 924
5 689 695
63 1071 1140
6 1017 1023
60 121 191
53 127 185
24 498 523
51 69 122
54 473 540
64 424 501
31 868 902
46 1116 1168
74 1454 1532
40 751 796
57 154 224
22 262 285
25 936 965
74 727 813
16 1416 1434
33 554 590
18 1032 1051
27 1126 1155
37 407 452
4 641 646
46 724 781
38 1322 1360
59 274 338
51 332 395
17 1223 1244
48 499 556
53 915 978
72 1325 1399
53 1088 1153
49 1212 1273
61 437 512
37 1244 1283
66 1173 1254
47 334 381
22 607 630
75 678 771
12 640 655
39 242 282
6 341 347
25 842 871
29 490 521
74 389 477
67 662 739
67 1080 1156
49 763 812
24 303 330
5 1007 1013
73 849 925
42 645 691
8 804 814
72 1070 1150
60 1314 1376
25 334 360
55 1057 1112
29 1349 1378
3 133 136
8 1128 1137
52 437 500
48 1382 1439
61 67 130
45 11 57
50 689 745
36 914 953
14 681 698
5 113 119
5 197 203
29 332 367
28 1043 1078
65 1200 1277
57 933 991
41 552 599
68 930 1015
31 908 943
62 681 745
12 1261 1274
55 697 756
57 245 306
68 177 246
33 1387 1421
3 844 847
44 388 443
12 1311 1324
54 958 1013
10 1279 1291
53 805 868
75 814 897
29 116 145
71 537 614
18 1331 1351
36 620 662
42 917 967
36 1020 1058
57 931 998
45 88 144
61 958 1025
7 875 883
71 710 798
4 988 992
52 1307 1362
31 290 321
7 421 428
36 407 445
41 1242 1287
21 789 810
9 1423 1434
74 666 740
72 1055 1139
61 535 596
30 324 359
47 270 324
16 84 100
27 905 934
11 935 946
71 174 248
69 10 83
12 583 598
33 1044 1077
72 688 770
73 483 559
20 1488 1512
48 139 187
26 1420 1448
36 588 627
28 1345 1377
45 128 174
49 140 195
3 418 421
45 1469 1523
1 63 64
11 1113 1125
62 986 1052
33 1327 1360
47 504 552
39 398 446
22 708 733
72 815 892
22 496 518
52 472 536
10 31 43
25 32 57
38 110 153
26 937 967
2 1126 1128
10 431 442
48 208 257
43 201 248
41 526 575
12 961 976
63 1318 1396
4 750 755
36 1252 1293
6 654 661
23 330 358
15 604 620
75 523 606
36 386 429
53 385 441
14 130 144
26 1209 1239
9 1451 1462
34 51 91
25 1187 1212
24 667 696
34 1207 1241
57 74 140
59 881 948
48 273 321
48 1039 1094
45 87 138
62 1285 1355
75 637 716
5 1380 1385
55 418 473
2 1323 1325
74 385 465
62 1441 1509
58 99 165
47 422 475
54 682 740
72 1249 1337
51 728 780
33 1050 1089
25 286 312
51 676 732
31 243 278
44 717 765
3 537 540
13 1092 1107
57 653 713
75 530 623
9 460 471
35 1388 1427
75 573 661
54 689 753
11 1203 1214
50 1329 1384
58 853 919
44 558 607
47 459 508
68 1360 1429
66 445 514
58 652 717
72 516 600
61 514 590
41 793 842
66 69 137
74 592 677
75 7 86
18 819 839
38 576 615
37 911 956
58 1460 1525
30 592 629
38 259 305
52 679 736
23 216 242
24 511 537
71 13 88
34 800 840
52 216 271
24 1359 1388
25 161 188
38 848 886
6 460 467
60 1164 1238
11 190 202
27 539 569
49 1340 1393
51 1113 1176
24 1128 1155
49 1318 1371
46 1227 1274
44 76 125
19 1026 1045
42 718 765
27 6 37
51 1367 1419
27 573 605
49 199 255
72 655 744
44 1193 1242
34 99 135
36 1368 1407
46 1048 1100
46 1273 1330
