400
16 1817 1834
32 2380 2417
21 2372 2393
88 1142 1247
73 2293 2380
19 445 465
61 290 358
41 1005 1055
32 1059 1095
44 1154 1206
57 2231 2296
100 2303 2427
87 1328 1424
65 1896 1973
16 774 791
50 1506 1561
47 1867 1914
81 1746 1845
92 2108 2219
71 2242 2316
96 2424 2543
87 188 291
90 1565 1666
71 451 529
84 359 445
19 1625 1645
73 379 455
91 261 374
1 1441 1442
77 1931 2016
9 285 294
72 1473 1554
19 2008 2030
58 155 219
5 463 468
17 1687 1705
6 971 978
8 2018 2026
17 1073 1090
93 2438 2546
66 837 908
68 4 73
96 469 583
44 2301 2349
68 1495 1579
35 1066 1103
20 1981 2001
34 1163 1205
12 2523 2535
12 178 192
54 559 618
89 2007 2115
96 1203 1305
34 1196 1238
77 1386 1470
73 513 592
85 1029 1132
68 28 111
34 1392 1433
66 272 350
45 355 405
95 396 514
2 2339 2341
57 171 240
42 2130 2174
13 1804 1819
97 1925 2028
22 991 1017
83 169 253
69 2170 2242
38 2276 2321
80 1799 1895
24 1346 1374
4 1577 1581
36 1660 1702
2 772 774
37 1881 1921
14 1148 1164
62 739 812
73 1349 1440
16 1214 1234
25 1303 1332
66 285 355
4 1040 1045
29 375 409
75 1142 1232
97 377 484
32 1083 1116
7 606 614
33 353 394
95 2406 2519
60 1135 1196
37 982 1027
70 202 289
100 30 136
61 2007 2077
59 1640 1713
13 1853 1868
45 794 840
23 1927 1950
7 56 63
65 764 842
86 924 1021
69 324 398
31 661 696
72 1905 1992
69 1956 2035
98 212 325
62 2018 2084
62 1706 1779
92 376 482
84 1499 1600
30 2026 2058
43 18 69
17 2413 2433
95 100 202
79 273 366
17 2038 2056
16 1143 1161
43 656 699
88 2238 2331
24 492 520
87 832 926
57 34 96
47 1857 1909
12 983 995
7 946 953
44 2051 2096
42 1327 1377
92 402 513
23 122 149
85 159 253
55 1586 1648
17 1486 1507
39 1290 1334
46 2030 2081
82 1175 1259
80 1176 1259
10 221 233
49 376 433
15 223 238
62 2031 2093
23 76 104
92 1940 2047
65 247 320
13 2497 2510
95 1316 1432
67 2230 2311
4 854 859
60 1895 1956
50 2258 2316
66 1092 1158
68 259 329
62 1047 1109
17 992 1012
87 1527 1625
69 670 743
39 68 114
13 2511 2527
56 2259 2316
7 553 560
44 2125 2172
57 2414 2480
66 1136 1205
20 2064 2086
87 2323 2423
5 19 24
18 1729 1749
40 1567 1615
2 2117 2119
90 1698 1791
38 1735 1774
90 58 154
34 162 203
86 1330 1433
39 1813 1852
2 896 898
59 2282 2342
82 1147 1239
46 327 373
36 509 552
57 569 630
72 1754 1830
90 247 339
64 698 765
80 1799 1894
74 1740 1823
63 1139 1205
6 1892 1898
9 2431 2442
85 1042 1143
51 557 613
29 728 760
71 1289 1376
16 1783 1803
68 1662 1743
20 70 95
29 1398 1434
46 1593 1644
85 665 758
63 39 103
8 1430 1439
99 462 567
11 1000 1011
79 630 711
70 924 999
40 1547 1596
47 135 190
99 18 118
74 127 206
92 252 361
99 2366 2481
52 1003 1058
36 617 656
47 1168 1223
93 811 918
40 1718 1765
72 1984 2066
69 500 571
33 416 454
88 1862 1970
7 2465 2473
12 902 917
21 1595 1617
48 845 895
28 995 1028
10 1354 1366
41 1944 1991
12 563 577
55 1905 1960
17 1717 1738
88 2080 2175
75 1567 1647
21 583 606
21 2105 2131
79 1796 1881
20 931 953
31 81 114
12 1409 1423
11 1327 1339
13 1206 1220
91 1042 1134
59 1848 1910
1 2037 2038
12 2055 2067
27 1634 1666
25 857 883
60 1568 1633
21 2465 2490
23 1558 1583
84 1713 1818
42 1494 1544
34 487 526
35 963 1001
66 2245 2314
50 1585 1641
2 1648 1650
49 293 345
78 1531 1613
40 2383 2430
88 129 217
32 248 285
68 1251 1331
39 2274 2315
1 621 622
50 893 950
89 2129 2227
9 1163 1172
82 1782 1879
81 2174 2271
8 352 360
98 631 748
63 2353 2416
19 2472 2493
54 707 762
96 1097 1200
96 811 915
71 1143 1222
12 688 702
25 1287 1316
63 833 896
26 1065 1097
81 2345 2444
81 2148 2244
97 1667 1787
22 344 370
28 775 806
86 222 324
4 2527 2532
23 194 219
40 84 124
51 1850 1904
97 1847 1948
44 1259 1313
97 1537 1645
49 948 1003
98 2426 2537
45 2312 2368
46 413 465
19 556 579
26 555 581
41 727 772
1 1761 1762
5 1076 1081
56 2228 2293
34 443 481
14 2338 2353
86 529 633
70 1682 1760
40 817 866
46 1693 1741
29 2121 2152
49 2436 2492
19 762 781
78 1649 1736
91 2292 2399
65 1601 1677
40 1935 1981
62 1366 1435
85 1521 1615
83 1660 1751
75 1020 1107
17 632 650
72 1618 1692
17 2143 2161
15 773 789
21 1571 1592
80 2055 2147
50 1861 1922
74 1481 1565
100 2038 2147
89 478 576
1 2267 2268
92 720 825
100 2215 2322
93 2111 2213
56 1058 1128
84 2124 2213
97 1413 1530
76 1335 1418
18 2291 2310
75 993 1085
73 2366 2450
17 432 450
55 804 866
44 1636 1685
67 2092 2166
35 1963 2001
84 1464 1559
15 1293 1309
34 1195 1237
4 844 848
91 1252 1349
68 58 131
15 698 713
70 221 293
10 1300 1310
60 2139 2211
35 508 543
24 2105 2130
66 2407 2486
85 2246 2346
95 904 1011
64 2458 2532
53 2108 2172
30 2268 2303
65 948 1029
76 2374 2460
22 562 588
98 2524 2627
15 427 445
33 24 65
2 69 71
37 1360 1406
79 982 1078
5 689 694
37 1460 1499
12 1820 1832
71 2176 2258
81 2125 2224
99 1512 1611
65 930 997
27 2262 2291
88 1503 1613
77 525 604
96 288 387
81 1850 1942
75 311 401
13 2099 2114
25 1747 1773
60 1470 1531
40 1402 1451
43 839 890
18 352 372
67 966 1033
4 2287 2292
67 2288 2365
35 105 143
15 671 686
24 1143 1168
