150
206 261 543
164 333 650
108 560 726
291 684 1025
116 393 562
212 423 660
318 307 632
370 622 1155
5 349 470
1 423 605
384 560 985
261 388 657
322 233 584
185 790 1258
156 770 996
321 220 553
40 303 412
237 391 712
139 612 966
17 220 252
331 426 892
242 720 1127
174 317 648
325 484 1029
220 299 609
36 655 699
198 572 941
295 319 722
153 774 1266
343 628 1050
106 318 583
85 633 723
383 292 798
182 503 831
321 417 770
373 377 879
165 421 706
208 676 1162
394 604 1279
391 276 673
163 425 677
79 451 726
15 658 760
251 236 587
347 366 860
29 426 622
129 639 1046
183 228 483
66 377 491
235 253 546
93 509 751
211 729 1224
379 280 739
4 405 495
394 594 1197
115 315 540
102 487 617
58 687 1017
200 273 537
177 223 497
48 467 566
299 248 616
36 703 1026
73 432 694
42 771 947
54 597 674
388 630 1046
7 765 830
4 787 1167
40 479 591
382 560 1180
20 454 626
126 705 857
265 565 1076
283 480 879
345 530 1129
346 559 953
56 313 505
237 606 1146
107 796 1208
295 491 898
216 330 570
171 500 728
3 345 374
111 364 520
3 215 320
29 412 585
342 533 882
339 487 1000
288 351 756
113 557 865
243 779 1247
70 492 738
158 376 578
107 325 435
398 415 977
231 252 609
165 331 640
393 711 1225
98 739 899
77 305 533
268 546 1074
102 488 602
160 702 1057
295 798 1334
57 713 1064
33 734 830
182 364 667
47 522 588
61 730 948
109 440 600
133 365 543
309 737 1050
105 552 724
152 724 988
174 605 1016
190 515 913
37 535 707
166 732 1128
141 295 578
48 749 948
229 631 974
101 594 913
139 630 891
193 774 1090
187 488 704
269 657 1091
48 250 329
381 465 874
157 708 938
352 213 613
254 252 512
43 501 664
348 798 1180
124 792 980
381 398 948
21 320 409
122 642 1056
294 279 641
62 533 703
358 567 1109
367 667 1208
5 207 313
76 777 1118
117 478 812
359 675 1039
336 722 1175
15 703 753
35 408 597
21 561 718
