250
186 4140 4527
190 5538 6098
186 2114 2633
380 6809 7470
113 14 133
506 1462 2060
882 7067 9052
985 6450 7582
512 3106 3642
623 4585 5307
434 2255 2974
584 6622 8032
946 4563 5795
721 4312 5282
778 6509 7950
743 7551 9439
545 634 1331
992 1490 2961
256 2158 2815
551 6360 7461
598 812 1510
32 2311 2634
729 5466 6607
285 5090 6115
851 4097 5662
681 5935 6990
214 3330 4114
407 6036 7032
83 6758 7126
403 364 767
495 1283 2001
639 6589 8102
884 4250 5835
888 5362 6646
25 134 175
862 312 1345
563 4955 5755
562 7223 8447
703 4952 6622
746 7298 8969
607 4114 4976
345 5155 6597
455 1903 2819
427 2972 3892
434 2806 3552
894 6977 8223
848 4897 6764
149 4690 5400
134 3650 4513
422 2788 3404
426 3251 4355
199 2167 2637
437 101 561
418 7645 9370
927 6987 9439
668 2630 3496
487 2887 3487
707 718 1519
966 6148 8101
432 1948 2439
685 6811 7761
532 7771 9447
358 3903 4723
387 6477 7804
385 1224 1846
969 4482 6331
932 4409 5747
725 1602 2567
295 1895 2372
496 1023 1524
477 7541 8198
956 594 1752
122 4131 4778
868 2149 3432
362 7691 8464
888 2877 4033
496 2653 3752
458 6367 8082
823 6478 8268
749 818 1770
32 2915 3348
24 2818 2842
155 5524 5784
24 1864 1978
618 1519 2185
551 7500 8082
706 3231 4574
263 1167 1515
640 2291 2970
716 4829 6152
626 5624 6666
391 2771 3773
101 6422 7155
109 6838 7715
12 538 612
188 7540 8756
147 6696 6970
430 2565 3102
645 7427 8608
205 4807 5297
854 3922 4786
306 6636 7821
414 2800 3554
160 470 730
360 3942 4687
219 6987 8093
167 7721 8602
522 4804 5447
202 4712 5505
249 6055 6672
102 3704 4119
12 420 506
811 5288 7093
918 4123 5435
507 2945 3836
87 1649 1911
624 1289 2142
590 6078 7739
477 4948 5976
178 4337 4555
952 7742 9525
522 2266 3165
920 6542 7618
219 7623 9197
135 5521 5950
221 1600 2150
944 3401 4786
26 6175 7018
240 7431 8442
724 449 1318
862 1338 2243
113 6777 7535
41 2558 3066
243 165 428
155 4207 4589
481 7073 7943
715 4503 6153
378 1945 2745
287 3713 4380
388 5381 6849
648 6683 7721
671 7797 9395
964 942 1962
330 4848 5754
987 6643 8099
175 3555 3884
850 7391 9477
129 1082 1365
751 1813 2678
691 2715 3514
318 751 1115
555 1381 2019
864 2162 3623
694 383 1248
408 2250 2718
500 7582 8755
908 7163 8252
633 7546 9687
422 1401 1994
58 1593 1659
631 2413 3258
798 5971 7461
437 7168 8746
107 3876 4509
466 698 1280
48 3031 3185
148 7640 8691
904 1030 2027
188 5104 6035
244 6875 7739
237 4098 4654
763 1383 2308
574 1062 1945
38 7500 7780
813 2846 4180
836 4393 5435
467 6810 8475
606 3770 5040
965 1726 3185
141 3387 3553
815 7771 8809
227 6238 7248
901 6070 7180
264 5233 5844
650 4085 5425
254 3020 3507
726 4999 6868
646 1901 2598
607 7295 9082
400 3632 4756
941 7567 9984
847 6155 7197
982 5711 7909
281 6356 7319
656 4650 5580
562 2337 3473
925 7590 9040
325 1500 1992
996 5011 6498
688 2972 3974
502 2467 3172
796 1143 2109
456 4328 4967
474 2417 3288
548 513 1212
794 5884 7690
976 6655 8626
981 5627 6743
60 2897 3130
237 5001 5765
111 6783 7691
415 4822 5891
172 2616 3248
354 7389 8212
81 5441 5864
538 5178 6827
544 1139 1993
174 1170 1423
707 1902 2850
523 3516 4658
398 2566 3172
993 4879 6489
917 1825 2896
361 4117 4544
510 1937 2789
505 3216 4370
415 7475 8855
566 2753 3980
541 812 1361
513 3417 4686
446 3089 3886
344 1452 2062
45 6888 8267
122 4714 5741
249 6167 6719
94 7214 8750
589 7099 8335
380 170 656
733 7393 8751
831 901 1889
146 4153 4893
391 5607 5999
655 7111 7858
745 3336 4830
963 2813 4388
944 6641 8741
615 7272 8635
761 258 1113
129 205 372
172 5150 5683
