350 
1 64 77
22 131 165
61 60 140
17 43 68
24 65 103
19 146 174
37 75 122
59 49 110
14 124 150
26 59 106
56 104 177
23 35 66
51 93 176
55 50 124
38 79 134
37 118 158
26 111 147
6 144 152
47 98 151
28 82 110
12 21 39
16 72 101
15 89 108
41 33 89
28 127 170
60 73 151
2 139 148
64 98 200
59 14 75
55 6 66
19 118 162
23 124 148
63 1 72
56 6 74
28 19 49
17 81 121
34 63 111
64 82 167
44 78 143
4 15 21
60 93 181
11 121 149
39 28 76
4 140 171
35 86 125
16 29 45
25 92 127
13 109 140
55 28 101
10 125 167
45 50 119
5 49 59
32 96 138
51 72 132
61 40 117
1 138 149
50 18 77
20 154 196
14 61 83
33 22 56
37 104 173
44 31 80
37 56 110
35 66 107
13 46 73
33 69 120
38 76 126
56 17 85
54 119 175
20 79 120
43 41 85
1 60 70
27 34 67
44 5 49
63 110 179
53 44 106
18 6 25
32 55 87
32 83 134
39 117 158
2 143 156
11 15 27
38 88 128
50 36 90
58 110 182
19 48 76
26 124 179
48 89 150
16 52 76
13 100 139
8 50 69
7 138 172
46 97 171
46 1 51
16 125 150
6 2 10
62 12 92
62 102 204
21 120 166
35 52 87
38 99 155
58 112 187
43 75 132
34 26 70
13 93 109
3 157 166
63 109 181
6 164 177
22 108 131
3 102 112
62 32 100
20 137 195
55 34 89
16 48 67
19 8 31
45 50 118
57 109 203
12 83 109
35 110 172
41 119 200
33 101 157
21 64 101
4 101 125
45 43 102
3 8 11
19 142 196
50 19 81
63 48 117
5 117 145
38 76 114
2 2 5
8 51 73
35 6 49
13 19 40
29 84 140
52 92 173
10 6 17
55 84 167
19 76 116
12 127 158
34 14 56
8 40 56
11 53 69
47 106 160
45 39 87
49 59 131
30 69 123
59 39 109
38 92 130
52 4 65
12 105 138
64 73 160
24 89 133
32 94 141
42 59 120
50 61 127
43 99 162
11 150 201
58 113 191
8 154 168
35 81 118
60 47 131
38 1 45
63 20 102
43 117 174
20 43 66
58 84 144
17 140 166
14 12 32
15 148 175
57 48 123
20 127 152
22 127 168
11 71 98
28 139 178
51 17 71
56 35 102
58 67 133
24 71 112
31 87 118
28 3 38
29 117 170
35 115 178
65 28 113
37 43 94
25 24 56
37 105 178
58 91 185
11 41 63
45 85 139
28 118 152
44 26 85
24 17 42
48 34 91
31 75 132
16 64 90
9 89 103
14 5 24
65 72 144
29 95 125
63 33 96
50 110 178
58 97 155
18 153 210
3 22 31
38 131 183
17 148 192
38 16 64
55 50 128
55 42 98
35 114 179
26 123 169
8 117 129
3 53 70
58 89 178
44 84 139
61 40 115
63 51 136
44 31 88
51 32 101
16 26 50
54 109 175
10 125 145
31 45 93
17 157 203
32 102 151
49 112 176
2 18 23
48 100 152
23 73 106
16 69 89
13 48 63
15 3 21
20 42 62
4 71 90
36 121 176
14 155 203
18 48 80
15 148 166
55 101 161
12 96 132
64 56 129
50 57 113
40 64 122
24 99 139
63 14 88
26 62 88
18 101 146
6 85 92
30 3 34
53 22 77
11 23 42
39 26 65
64 15 87
21 142 182
26 38 68
50 20 74
12 10 28
1 119 129
24 28 54
27 106 137
42 95 162
12 27 42
41 102 177
5 9 17
30 41 74
54 21 78
16 118 143
41 125 167
18 134 179
25 64 89
42 73 133
3 113 128
58 111 169
11 67 92
23 80 124
51 2 58
12 4 20
5 128 139
39 65 109
56 95 171
2 38 49
18 133 187
2 159 171
3 72 93
55 32 104
45 109 159
17 68 86
54 90 170
24 63 108
25 13 48
6 8 15
61 68 154
36 91 148
39 47 87
7 26 39
1 52 63
51 32 103
65 59 144
59 16 85
60 42 108
31 80 117
15 40 61
9 15 30
63 8 79
42 116 198
11 49 71
31 49 83
59 14 91
11 62 91
24 72 118
40 60 101
3 71 86
14 154 191
2 110 131
46 21 80
39 55 112
21 61 86
16 118 157
53 8 61
54 63 129
33 48 91
33 69 113
15 61 80
18 142 196
38 16 58
18 100 120
44 51 116
23 25 55
33 101 141
30 80 135
20 137 189
30 132 201
56 60 132
64 67 151
18 137 169
55 95 160
14 59 83
37 34 85
40 125 169
11 134 157
32 30 74
49 27 89
65 56 131
30 87 118
6 98 119
44 92 154
7 96 126
10 69 79
2 151 178
