150
582 1626 2529
17 2176 2451
597 313 985
591 1383 2038
176 2325 2591
348 1051 1480
461 2401 3341
263 2680 3350
486 257 759
99 1479 1690
565 1012 1748
402 1771 2593
503 717 1259
545 1153 1808
480 1765 2345
503 1659 2305
83 2074 2551
331 1766 2101
120 1239 1568
65 2495 2827
337 602 979
429 2303 3174
473 1163 1725
335 606 981
118 285 407
481 2122 2761
338 2682 3286
66 2718 2823
60 1692 2000
433 817 1290
479 2445 3366
477 1317 1900
364 769 1292
294 830 1252
267 1085 1366
383 2682 3151
544 1494 2311
597 1487 2475
75 506 621
133 570 705
195 133 349
156 1981 2456
303 832 1249
225 990 1308
535 190 803
533 1908 2649
462 1750 2501
62 1785 1934
370 1262 1696
86 1326 1519
290 233 569
78 1717 1897
152 1702 1877
365 2018 2489
227 1154 1652
342 161 552
331 2192 2994
364 2220 2664
91 306 474
401 89 587
538 1395 2290
451 2600 3533
56 2077 2164
170 89 306
345 1866 2554
103 2058 2395
144 2660 3291
533 2049 2915
362 974 1377
150 732 946
295 1571 1895
368 1760 2194
362 697 1203
264 1342 1619
194 2578 2958
442 917 1405
143 537 700
196 1087 1459
541 1067 1852
223 2725 3522
143 565 751
14 2506 2964
512 666 1287
234 224 481
482 1517 2248
123 1163 1333
413 142 565
592 2636 3824
180 1661 1883
34 2164 2583
137 1180 1342
269 1271 1626
59 1121 1198
453 1867 2451
100 1430 1606
358 468 902
552 1249 2055
380 105 512
181 572 781
581 774 1605
222 1137 1393
382 2006 2451
533 1217 2002
564 1813 2797
218 2245 2711
437 2134 2857
30 124 177
121 1938 2429
228 1183 1563
85 2208 2631
341 1007 1400
571 53 661
74 526 603
329 500 901
597 1125 1823
61 1953 2359
299 1943 2243
412 809 1365
168 534 719
111 295 443
342 203 632
93 2409 2973
409 830 1336
358 1257 1764
261 2368 2698
101 783 1009
216 1259 1755
95 2208 2463
18 1432 1500
265 103 410
146 2224 2501
173 215 456
583 46 699
414 181 677
176 676 923
371 1753 2399
186 2003 2401
93 1509 1695
213 1551 1785
247 1755 2031
480 1393 2067
355 2143 2531
399 238 668
345 225 596
365 1989 2578
337 1524 1945
225 1131 1608
181 2060 2263
170 1036 1328
285 1156 1488
