500
366 906 1494
911 709 1685
662 1444 2628
633 1692 2880
257 503 823
807 995 1877
303 1169 1989
697 791 1491
476 1099 1692
115 1622 1883
972 1317 2517
781 974 1768
276 1688 2020
138 742 1171
980 1401 2610
653 1878 3251
519 1459 2438
912 1143 2458
157 1748 1908
694 972 1754
760 1184 2516
301 1150 1452
887 840 1992
825 619 1574
218 831 1353
918 1760 3437
315 1377 1864
981 1681 3031
37 506 753
421 1791 2281
185 1173 1579
775 596 1567
806 1324 2539
567 1963 2748
45 906 1287
387 730 1396
29 1648 2122
387 1351 1944
347 739 1420
545 1114 2017
29 1990 2398
170 537 946
467 922 1554
299 563 864
93 699 1042
88 1427 1704
891 1714 2947
400 1008 1850
51 1253 1739
122 1244 1974
780 1388 2694
246 1968 2727
721 1709 2989
774 1969 3602
518 1026 1963
770 1176 2332
126 870 1359
78 561 792
294 1221 1885
459 1022 1705
515 605 1321
445 1364 2054
469 1185 2022
21 1195 1732
302 1019 1597
108 1836 2321
133 1415 1913
413 1398 1928
217 877 1366
818 1284 2339
293 1723 2437
510 1522 2238
823 1314 2682
726 1741 2610
11 758 1116
647 1883 2780
45 662 920
294 561 964
45 683 844
234 1079 1820
907 1013 2385
992 857 2116
96 978 1421
783 868 1678
273 1554 2582
495 505 1234
134 1795 1952
760 1414 2611
755 668 1457
48 731 881
307 1162 1728
81 1032 1114
703 1344 2475
759 1578 2814
985 1886 3377
526 1781 2706
109 1945 2127
980 547 1763
774 1746 2579
432 1177 1789
66 1376 1589
940 1458 3101
477 513 1028
210 565 904
183 877 1246
981 503 1720
240 1700 1998
60 1969 2155
270 723 1065
828 649 1635
194 749 1314
924 1323 2750
889 825 2016
579 1423 2378
56 753 845
115 811 1196
760 943 1956
224 1958 3153
215 561 1047
844 1820 3026
818 864 2099
929 1156 2452
155 1930 2312
108 1841 2437
651 1020 1690
812 1311 2272
304 1417 1793
491 505 1225
437 1404 1988
595 1492 2176
394 1414 2088
977 577 1802
812 719 1568
251 1136 1392
257 1603 1950
962 931 1930
778 1911 3505
411 1848 2911
425 1666 2562
780 1135 2442
952 1629 3004
452 1291 1798
246 580 1065
649 1365 2530
144 828 1042
231 1533 2059
499 1754 2874
402 1014 1846
507 959 1945
710 1418 2598
351 1058 1526
938 1038 2362
590 1245 2013
833 1039 2361
425 1868 3051
741 1151 1939
472 1189 1994
836 1995 3814
553 1721 2915
967 1958 3883
933 1083 2256
14 710 914
479 1485 2113
624 662 1610
826 1538 3004
885 893 2095
418 1750 2674
593 1877 3114
393 558 988
91 1595 2008
73 569 821
428 1030 1839
261 1189 1906
495 1322 2454
3 679 771
620 1197 2321
734 573 1498
908 858 1955
379 1470 2510
542 1759 2938
629 1590 2271
316 830 1242
156 1829 2840
572 808 1448
378 999 1411
859 628 1595
641 607 1510
530 920 1689
946 1400 2376
983 1676 2796
771 643 1699
585 1677 2791
838 1366 2762
565 1127 1739
812 1499 2599
316 930 1389
325 970 1386
230 1312 1588
92 914 1175
790 1604 2395
438 1305 1918
722 1906 3151
841 1998 3259
975 1020 2133
987 1345 2789
325 1945 2602
518 667 1411
333 1894 2774
396 1023 1674
112 1001 1145
823 914 1845
523 765 1667
790 559 1570
323 1492 2378
855 698 1749
367 589 1034
575 1275 2451
476 1804 2442
327 1431 2386
518 1986 3186
943 646 1660
249 1019 1644
86 1929 2521
96 1398 1590
113 1516 1789
1000 1202 2803
681 1640 3064
85 772 1167
550 1861 2739
960 1397 2980
439 669 1187
981 1926 3474
59 1675 2410
303 1020 1569
687 1877 2997
124 934 1177
385 1001 1586
356 919 1535
142 1869 2269
321 1332 1696
902 615 1627
299 1498 1819
436 1745 3021
564 984 1610
676 1627 2596
535 1267 2268
365 1545 2392
752 1261 2534
838 1160 2342
49 957 1152
158 1948 2576
800 1682 2664
68 1178 1613
710 1234 2010
992 733 1942
380 1910 2449
305 561 1049
627 1314 2019
779 589 1624
274 1890 2348
43 1526 2103
638 916 1557
488 567 1272
333 1425 1849
161 1617 1795
22 1997 2366
186 881 1298
51 1016 1511
325 561 1051
290 1047 1591
239 1579 2485
286 1595 2240
982 508 1638
701 1645 3142
451 873 1654
698 916 1938
582 1868 2519
734 1368 2330
250 1343 1920
746 1769 3120
602 570 1246
882 556 1685
59 1290 1417
80 1890 2244
797 1839 3476
185 720 1063
293 1833 2505
81 1206 1567
833 1370 2517
669 794 1528
806 1387 2522
62 544 876
3 539 771
722 808 1541
434 1969 2872
651 1227 2086
738 792 1898
784 1272 2232
328 1065 1682
420 1879 2685
755 1551 2634
39 1555 1987
752 957 1935
655 1299 2302
419 1263 1817
859 1982 3512
785 1087 2023
412 1507 2661
716 1266 2396
515 1402 2217
845 1733 3307
443 816 1320
597 715 1577
1 1693 1836
185 1493 2392
243 1465 2021
470 1592 2352
407 1247 2007
502 1188 1964
318 837 1537
497 620 1207
722 1080 2151
327 1041 1831
863 1531 2413
41 1302 1802
101 1855 1974
552 1281 1843
37 1180 1566
177 1063 1482
785 985 2118
973 1422 2874
573 730 1489
958 592 1554
151 1052 1346
748 1751 2654
685 1535 2967
21 1240 1565
984 1376 2814
218 1679 1914
886 831 1748
983 1964 3526
604 744 1617
931 1817 2810
377 799 1294
239 1048 1667
473 1706 2395
423 1402 2161
197 939 1254
474 1512 2452
211 1280 1604
618 1697 3155
1 1009 1182
860 934 2253
393 643 1269
804 1729 2587
517 561 1191
225 1976 2919
49 1798 2657
174 894 1123
48 1571 2234
769 968 2189
487 1293 2261
618 1655 3051
704 1974 2946
401 1526 1992
671 1470 2730
671 898 1852
765 1877 3489
408 1605 2528
896 1476 2796
788 1668 3256
305 744 1279
769 1949 3036
794 1715 2894
283 903 1266
389 1005 1642
491 863 1529
200 1501 2265
646 913 1972
951 1249 2725
30 894 1117
832 860 2031
86 1923 2671
566 801 1598
564 502 1282
223 1566 1885
1000 1021 2473
966 1532 3157
27 780 1118
903 1384 2780
74 1981 2683
415 1686 2761
851 1417 2471
678 1562 2476
849 805 2031
749 766 1527
888 1471 2385
574 1066 1919
301 1908 2840
997 1886 3013
483 932 1619
956 1059 2292
354 1067 1792
781 1626 2607
662 1892 2600
165 588 980
900 833 2132
553 1018 1597
550 591 1178
534 565 1199
43 1497 1594
4 833 1045
793 1875 3019
357 1472 2540
514 1322 2332
260 1423 1866
71 808 1142
487 809 1344
584 1579 2571
415 511 1153
797 1401 2343
475 855 1544
313 1280 2074
904 1373 2795
732 932 2038
16 954 1203
65 1825 2492
690 1815 3073
135 696 890
393 1221 1718
388 1778 2745
317 1698 2782
962 558 1673
165 1310 1736
867 1993 3281
282 505 812
949 1890 3452
812 1563 2787
17 1500 1535
807 1522 3033
235 1139 1893
337 1367 1875
143 1019 1657
889 1639 3344
718 818 1750
872 1411 2548
122 1104 1301
333 1069 1408
585 1180 2029
916 1538 2473
464 1033 1743
640 1556 2229
52 1565 2128
789 1839 3312
377 673 1134
307 1227 2033
823 1227 2627
803 1264 2647
364 1614 2136
350 973 1698
554 1697 2719
391 885 1505
412 1670 2607
732 1265 2241
918 1937 3386
16 1936 2512
540 677 1307
572 1049 1757
536 659 1328
489 1351 2083
18 625 764
516 1450 2228
109 1035 1348
214 1310 1765
253 743 1151
491 734 1370
472 789 1484
380 1492 1946
800 1124 2220
610 1883 3284
233 1217 2020
459 1817 2769
494 1149 2107
183 1928 2758
565 1174 2268
898 1834 3047
244 1609 2153
739 1832 2971
207 1730 2602
306 1331 1855
462 699 1436
321 1918 2638
615 1362 2317
37 1549 2051
222 1252 1630
671 838 1596
232 770 1150
93 923 1359
61 1039 1406
788 1766 3156
