100 
2 23 27
8 42 55
12 33 50
7 38 45
10 1 12
10 30 50
14 12 32
15 14 34
11 4 17
19 19 45
1 9 11
5 20 27
18 11 36
17 1 21
13 7 21
6 19 30
9 13 25
17 25 42
15 12 34
7 8 16
5 12 17
5 10 17
5 30 36
12 18 35
13 33 55
9 17 33
18 23 45
5 37 49
17 26 48
17 20 45
5 8 13
9 4 14
11 4 15
18 13 31
18 10 30
4 19 29
15 9 25
14 5 23
12 29 47
6 3 11
6 21 33
11 17 34
16 19 39
14 1 16
3 37 44
3 44 56
16 15 33
7 37 46
13 17 34
15 18 38
4 17 21
16 9 31
2 10 15
10 26 37
17 2 20
13 12 30
10 32 44
9 1 10
18 28 51
17 20 46
13 19 40
18 9 29
2 35 43
10 6 18
5 35 45
7 8 15
5 32 38
4 37 41
9 1 10
1 7 10
2 46 58
14 29 44
12 34 51
17 3 22
8 33 48
12 25 38
6 43 54
19 24 43
18 20 38
8 10 18
5 21 31
19 16 39
5 7 14
7 41 54
10 21 33
18 3 25
11 13 30
7 2 10
18 29 59
18 7 31
5 41 54
7 3 11
13 17 35
9 37 58
13 12 26
17 1 18
14 36 57
17 23 46
18 28 54
1 29 33
