100
2 93 95
8 63 72
5 49 55
20 126 148
19 0 20
13 48 61
15 123 138
6 141 148
9 45 56
4 9 14
1 129 130
7 92 100
12 148 162
17 36 54
20 115 138
16 124 140
7 110 117
24 46 74
5 66 72
1 156 157
10 97 108
5 21 26
1 76 77
20 30 55
1 64 65
3 101 104
23 80 108
4 36 41
11 34 46
13 52 67
23 40 67
10 104 116
16 79 97
21 133 159
4 77 81
9 127 138
12 142 156
24 65 93
23 13 36
6 23 30
20 54 78
11 72 83
4 10 15
4 121 125
25 67 96
1 138 139
1 87 88
18 122 140
23 132 157
7 150 157
14 94 111
24 92 118
13 121 136
15 116 134
5 111 116
23 5 28
13 64 78
10 132 144
18 26 48
24 18 45
14 36 51
24 104 133
10 154 165
7 81 89
8 113 122
4 121 126
8 109 119
20 2 24
7 36 43
9 54 64
22 116 140
23 45 69
18 156 178
9 58 68
20 42 63
13 27 41
14 20 36
22 115 140
12 136 149
6 72 79
9 8 19
6 15 22
9 12 23
7 46 54
23 81 104
9 3 12
16 56 76
25 127 154
2 142 144
3 70 73
21 67 93
4 74 78
22 68 94
15 55 72
15 4 20
25 52 79
25 4 31
12 42 55
24 37 67
9 87 96
