100
123 545 752
15 201 266
245 450 862
151 284 524
128 561 885
284 330 661
43 218 336
175 448 756
258 501 786
325 411 812
121 615 859
244 394 833
186 321 556
195 510 815
281 428 876
138 526 723
298 622 1013
98 317 465
152 642 1094
99 696 866
53 592 870
158 430 599
137 383 611
47 373 558
67 414 584
159 396 608
30 431 563
184 519 795
290 674 1181
38 453 502
221 458 811
148 412 756
165 201 413
8 258 298
198 250 487
239 550 861
110 314 455
303 252 650
183 671 872
116 507 858
135 655 930
240 315 637
96 229 401
143 315 585
322 517 1011
47 688 840
153 648 1030
221 312 633
238 487 806
209 679 1024
254 200 511
128 216 435
159 397 632
232 639 1053
30 418 556
318 647 1282
39 631 729
144 590 1025
8 554 711
255 387 647
33 639 812
103 558 781
28 342 401
340 284 638
67 690 1021
126 393 606
25 586 883
330 441 799
12 298 397
156 231 452
137 378 573
132 220 406
191 253 473
228 462 882
347 674 1114
243 192 519
280 345 669
236 233 546
101 274 431
60 514 758
119 184 314
242 523 979
71 381 553
238 332 572
26 365 482
336 653 1286
11 348 370
122 691 961
283 368 782
9 363 450
158 224 494
63 446 728
95 471 762
60 318 502
71 523 774
61 505 725
117 244 463
160 542 730
285 455 816
332 697 1136
