400 
17 72 89
31 164 199
63 81 157
24 129 179
26 3 34
34 100 161
57 130 203
22 39 71
16 43 74
54 91 159
41 54 112
15 137 179
61 7 75
5 33 46
24 7 34
40 126 185
29 124 180
29 98 149
48 3 64
67 81 179
38 127 168
43 56 114
70 37 128
45 100 148
26 72 112
75 81 189
39 135 185
44 103 168
30 112 149
64 30 97
18 44 78
37 53 107
44 71 134
19 52 86
14 167 207
26 172 213
1 70 80
30 88 125
57 98 166
21 149 199
23 38 75
29 139 184
44 30 93
41 154 214
27 119 147
10 1 12
2 151 177
43 129 188
65 96 170
7 65 81
63 108 173
15 185 249
66 21 109
50 65 132
71 33 111
25 123 160
46 92 161
19 40 68
4 132 155
24 28 57
41 33 76
31 20 63
55 84 163
24 88 113
46 37 84
35 152 199
38 87 130
6 40 49
65 44 136
11 52 78
47 108 166
41 134 182
60 48 121
20 4 29
47 43 103
30 74 106
69 123 194
40 118 180
59 50 129
22 168 199
52 107 182
31 160 218
16 53 80
27 86 126
63 40 106
23 31 60
53 118 173
25 157 182
7 12 20
4 102 131
8 92 110
33 92 128
62 131 208
62 130 238
63 110 189
8 192 224
49 56 112
75 93 173
23 156 182
26 158 220
14 102 143
29 48 78
49 121 176
21 157 200
38 110 149
43 47 103
49 12 74
47 43 91
65 108 208
18 180 215
70 52 144
69 90 160
7 7 18
58 92 159
57 8 69
3 190 233
46 136 219
69 30 110
32 4 38
69 79 158
12 157 203
21 33 62
12 178 221
13 174 222
28 3 35
16 37 55
59 92 182
37 108 156
46 139 209
71 84 172
13 130 165
46 118 181
34 60 105
48 111 162
30 123 183
4 164 173
56 54 122
9 166 209
67 96 199
35 46 98
37 60 109
41 140 206
43 75 133
8 140 153
56 30 106
65 100 179
29 35 75
7 48 64
33 120 190
67 40 133
44 40 98
24 96 147
58 30 96
26 74 101
64 113 218
39 66 120
30 150 202
68 28 105
53 40 102
8 153 194
34 80 135
51 128 205
69 94 202
73 31 125
21 10 34
18 121 159
70 101 187
69 47 118
47 15 72
2 30 32
75 10 85
34 70 106
64 47 125
71 112 191
46 51 102
61 109 209
74 23 102
29 27 68
4 1 6
37 99 145
75 21 104
39 59 110
34 83 121
72 12 97
54 66 131
32 90 123
11 100 136
24 32 64
36 138 178
70 17 101
21 71 92
5 44 57
16 158 175
15 80 118
39 98 160
56 78 161
50 147 217
72 114 210
46 140 228
37 136 210
34 12 55
67 8 85
48 77 150
58 96 182
13 154 173
41 44 97
63 11 90
27 148 207
36 18 67
73 48 136
7 68 82
40 107 178
73 29 110
34 90 154
53 21 89
20 140 198
29 52 86
25 160 230
64 35 102
67 47 118
56 93 158
26 155 206
11 21 33
40 159 229
66 97 183
75 60 148
9 154 174
13 101 133
7 69 94
47 67 135
39 79 148
41 136 181
72 37 120
51 147 217
2 117 137
2 15 21
30 61 96
50 105 183
33 10 46
55 119 178
7 189 213
14 159 198
74 119 231
55 101 189
29 91 125
36 76 115
46 34 96
22 23 50
14 3 17
25 75 113
37 152 222
73 5 86
64 91 179
7 119 127
2 47 59
74 19 110
71 97 176
47 51 114
3 178 201
41 136 208
10 96 125
28 108 163
74 85 176
40 120 166
11 2 15
57 6 70
50 41 103
44 101 152
24 88 117
74 114 210
75 74 178
69 82 155
57 108 191
75 116 191
53 23 87
55 77 154
53 119 201
56 72 138
58 70 129
33 48 96
59 67 154
24 55 83
50 75 137
55 100 186
11 123 163
3 108 125
11 88 113
63 51 130
62 67 148
32 36 77
39 73 118
47 54 111
39 103 147
35 33 81
42 129 183
38 79 126
14 151 169
31 62 97
45 19 66
19 152 197
52 94 182
28 53 96
57 26 94
13 124 163
69 61 135
61 20 89
23 97 134
52 78 139
21 137 163
35 12 52
36 51 97
28 68 119
8 181 225
27 71 120
56 4 65
36 67 104
45 89 162
34 102 144
40 14 61
74 35 126
28 171 201
22 113 168
22 54 91
39 41 90
54 7 67
17 11 35
69 35 130
46 74 142
17 182 232
51 141 239
18 37 66
21 148 182
38 148 225
15 57 89
20 162 203
56 39 109
8 146 155
40 78 146
6 127 140
19 9 32
18 182 229
38 43 82
25 24 57
72 61 158
75 82 177
42 64 132
38 77 137
3 165 204
70 36 117
45 69 123
32 77 129
56 74 136
54 39 109
20 174 210
52 94 158
19 178 221
6 8 16
73 68 156
34 152 195
18 182 250
56 142 216
41 156 236
51 76 138
14 102 143
13 80 96
50 38 103
61 54 142
65 15 84
37 29 69
73 75 159
73 61 160
40 74 135
34 106 160
11 41 58
20 75 105
68 15 83
58 63 131
63 10 73
53 12 66
36 23 59
49 125 200
54 135 192
13 186 199
43 117 185
51 91 166
73 54 132
17 127 153
75 3 85
21 158 224
8 12 23
57 92 178
58 80 160
75 103 178
45 123 208
4 114 141
53 23 81
9 53 69
66 78 177
5 27 34
21 74 103
