300 
37 53 109
13 79 94
7 104 113
5 69 87
54 84 145
9 80 110
18 76 116
29 58 103
32 7 49
23 107 163
27 117 152
10 128 159
47 11 63
44 7 58
36 42 86
33 71 105
15 109 147
50 8 63
52 63 115
40 3 51
42 54 111
50 94 160
18 29 54
46 82 159
1 115 116
3 94 109
38 106 168
31 45 93
13 48 72
11 136 154
2 72 85
28 26 65
56 83 150
36 3 46
36 10 57
36 26 65
15 129 171
15 1 20
24 32 59
43 60 118
35 115 163
10 118 136
25 120 180
10 6 18
10 131 142
6 52 68
33 92 137
31 87 119
39 86 139
45 58 125
23 37 61
53 13 75
51 9 60
51 53 128
30 13 51
27 120 151
51 99 153
18 97 134
11 74 104
22 87 113
19 33 59
9 96 106
27 45 81
18 55 83
9 86 103
8 48 66
17 103 124
36 72 129
7 20 34
42 95 165
32 72 106
13 40 65
55 88 150
29 95 128
16 117 158
23 36 73
49 16 67
51 37 93
55 77 143
29 91 123
53 10 75
23 92 126
12 104 139
12 20 37
19 125 155
7 20 27
33 91 154
44 1 56
52 42 110
18 2 23
2 45 59
14 20 38
26 7 38
39 54 94
8 27 43
40 88 160
18 62 87
44 83 134
44 21 67
14 54 83
1 75 93
42 5 58
47 93 166
39 91 147
52 32 87
29 46 85
49 37 86
6 142 181
15 12 30
5 77 82
49 37 106
45 5 60
12 118 132
38 1 41
1 83 89
10 124 164
20 107 158
3 8 13
22 96 139
46 86 164
6 118 149
6 101 115
48 7 65
35 56 98
15 112 150
36 112 178
41 7 54
42 89 139
51 43 116
32 14 47
1 131 162
5 10 15
10 81 105
4 93 120
46 72 147
53 10 74
18 7 25
36 37 87
40 43 99
23 114 171
21 32 59
44 77 141
17 132 158
47 28 79
29 36 67
12 74 97
52 14 83
25 21 51
8 74 102
43 57 118
44 74 134
44 42 88
6 134 163
13 13 32
37 26 71
30 45 92
51 75 152
43 70 132
32 2 42
19 11 38
43 10 61
49 35 89
29 34 76
31 8 44
40 67 126
52 9 64
4 23 30
6 119 130
14 8 25
33 32 73
12 138 178
27 80 108
20 96 123
14 25 45
41 36 82
31 88 134
5 30 37
1 75 77
56 19 87
48 46 108
52 66 135
9 39 58
39 105 173
4 112 131
48 26 80
21 100 135
9 63 72
14 119 135
29 81 110
24 5 36
55 11 68
23 126 164
53 34 89
49 57 107
28 21 57
52 44 118
56 80 136
47 9 62
29 50 92
29 113 174
33 72 105
38 12 63
1 82 84
56 1 71
21 2 29
55 34 94
56 1 68
19 80 114
23 97 135
43 34 93
39 47 95
8 47 65
41 74 131
17 124 147
27 94 143
22 88 120
54 47 122
50 14 68
41 37 93
55 58 123
39 22 76
5 124 161
5 131 140
17 116 152
19 99 122
40 11 61
36 60 97
40 52 110
37 102 145
15 116 132
27 88 132
22 5 33
6 106 115
15 116 133
36 66 127
30 61 105
16 5 22
50 98 169
40 18 65
52 85 147
35 4 41
24 4 28
2 117 138
49 18 75
46 31 78
31 111 178
42 89 145
27 47 81
37 3 44
31 20 60
10 89 117
27 60 87
27 79 129
40 110 162
44 9 58
29 71 114
50 18 82
18 90 108
25 54 94
6 87 105
41 15 62
32 2 39
10 121 151
44 105 175
49 88 142
24 81 116
46 2 54
22 79 110
47 47 100
11 3 18
47 5 62
5 125 150
46 57 108
1 135 164
32 80 112
45 73 142
51 12 67
46 69 140
46 100 181
16 91 133
42 46 102
32 30 70
54 13 76
20 110 148
27 72 116
7 84 91
24 17 42
27 65 101
13 81 100
37 67 106
9 61 81
26 72 106
27 76 125
8 36 47
18 26 53
3 131 150
6 8 18
13 90 107
14 15 32
24 55 89
