500
70 2302 2382
77 2512 2594
13 2163 2177
7 81 88
114 1251 1374
11 1874 1885
33 3646 3682
57 3450 3512
3 1356 1359
12 1234 1248
69 139 209
100 326 445
101 71 177
3 3129 3132
32 1638 1675
80 2099 2186
50 1617 1669
36 2301 2337
79 490 574
55 3268 3325
125 2317 2454
37 943 984
29 3630 3661
70 2389 2466
21 2124 2148
8 3019 3029
59 1572 1640
72 232 309
38 1716 1763
105 320 434
108 550 671
77 935 1013
8 3603 3612
77 3466 3548
49 2942 2994
125 3469 3596
26 161 189
47 942 1000
30 2367 2400
103 914 1040
37 297 337
24 3112 3141
74 1790 1877
39 1587 1631
3 3056 3059
105 223 345
11 3431 3443
60 1302 1377
64 773 837
27 3448 3478
30 1511 1548
23 380 404
26 1690 1717
93 141 245
98 1341 1462
26 2477 2503
81 1311 1393
43 2662 2714
21 760 782
47 3123 3178
102 2600 2705
81 352 448
102 500 623
116 267 384
35 2025 2068
78 2314 2397
48 945 1001
34 2948 2984
113 3611 3736
29 1417 1449
59 268 333
41 3361 3402
63 2766 2843
51 3640 3702
3 2366 2369
33 1334 1368
125 3054 3208
117 2496 2619
113 3742 3866
122 1528 1666
31 1709 1747
50 202 255
117 3673 3807
42 3325 3367
86 229 315
10 3254 3265
51 862 921
80 2579 2666
64 929 1007
113 1864 1979
113 1918 2039
33 2810 2848
82 605 697
103 3273 3393
7 3104 3112
105 1459 1575
114 2942 3059
107 2344 2468
48 3633 3685
39 860 905
37 1687 1729
114 2299 2415
59 2987 3055
66 1269 1341
21 2723 2745
14 791 806
47 48 105
72 1295 1375
26 762 791
18 281 303
94 2407 2508
77 2933 3020
119 3468 3615
5 1091 1096
77 1425 1509
27 2236 2263
102 305 420
29 226 259
121 565 710
8 674 683
109 2442 2571
17 1124 1143
123 3627 3750
43 1598 1643
54 1658 1713
69 935 1019
22 2508 2534
106 3530 3658
34 340 374
88 1597 1690
56 69 137
34 3161 3198
72 2098 2172
56 2876 2939
55 2171 2226
6 940 947
75 1916 1998
34 3382 3424
86 1563 1655
66 1544 1622
119 397 543
83 1574 1664
21 2697 2720
6 3613 3619
101 349 453
36 2590 2630
49 925 986
33 3345 3381
76 3514 3596
24 3652 3681
28 88 121
27 2541 2569
95 2291 2401
75 2980 3062
17 2763 2780
23 3085 3111
98 1928 2029
7 44 52
87 2305 2402
71 825 901
6 1935 1941
55 306 373
96 3423 3533
7 210 217
29 2733 2765
74 1714 1800
8 2774 2783
72 2738 2817
94 3607 3715
89 2709 2819
8 1647 1655
109 2319 2448
117 692 810
50 1883 1942
125 12 156
123 1730 1864
84 1802 1906
69 2395 2474
42 3060 3112
54 2236 2302
21 3661 3685
124 951 1102
64 1202 1268
29 2839 2869
57 2362 2422
50 2212 2266
59 2990 3060
95 2181 2292
108 3416 3546
30 151 183
19 2423 2442
121 1233 1370
115 2041 2176
47 3372 3420
24 1451 1477
43 282 332
122 3743 3885
72 1551 1626
11 3494 3506
55 255 311
64 1824 1901
30 2264 2297
41 2312 2355
87 2323 2426
82 1191 1283
83 2359 2452
42 2643 2688
15 2778 2793
39 1000 1039
37 2106 2151
104 2058 2179
68 833 906
73 3422 3510
56 298 367
117 604 736
70 407 492
22 3178 3200
39 1504 1548
120 1165 1303
31 1257 1291
43 2435 2478
50 1916 1974
121 528 676
73 2278 2359
117 1324 1442
16 888 908
13 2637 2650
52 2584 2640
33 3182 3216
97 2193 2290
73 2231 2322
10 1652 1664
1 2632 2633
14 1810 1827
73 407 497
3 513 516
9 3288 3298
113 2805 2922
78 583 673
35 3561 3601
22 1042 1064
43 803 854
101 747 866
12 2725 2737
51 702 753
85 1003 1093
7 2675 2683
53 2673 2739
8 168 176
50 2806 2867
54 241 305
114 2402 2516
108 461 593
27 1701 1728
7 2889 2897
52 989 1052
13 2793 2808
114 1731 1867
105 1070 1188
41 2812 2863
58 2626 2687
34 2847 2889
47 3179 3228
115 1001 1141
96 2818 2918
109 2923 3033
52 3556 3608
121 1312 1446
35 1553 1594
102 1688 1796
24 29 55
63 3695 3758
22 3656 3679
79 3054 3136
68 3203 3278
4 3526 3530
30 2353 2390
52 2440 2505
122 394 531
11 2855 2866
83 802 896
31 1352 1390
75 132 210
56 3768 3827
89 1330 1422
14 44 58
93 1518 1617
30 3727 3762
20 3454 3474
30 2186 2220
15 120 138
53 2370 2435
37 3690 3732
16 410 430
74 1379 1463
63 2249 2317
110 226 361
34 1463 1497
71 2210 2290
66 1821 1902
29 3240 3276
98 2054 2157
29 633 666
24 242 272
34 56 90
65 188 257
46 1128 1174
59 2356 2425
65 1343 1424
12 2254 2266
111 1534 1657
117 1734 1851
28 3196 3227
8 648 656
37 2364 2409
103 3633 3740
41 3110 3152
86 653 740
97 2424 2522
73 559 645
58 1858 1929
37 1404 1448
80 390 489
29 2697 2727
19 1530 1550
77 1655 1734
2 2179 2181
72 2136 2216
39 3760 3806
97 1342 1453
19 2132 2155
18 2827 2846
74 1188 1263
83 3484 3568
10 2560 2572
119 1836 1955
3 2085 2088
27 3406 3439
124 2555 2694
5 960 965
27 2282 2309
89 2405 2505
53 2651 2706
84 337 432
105 845 955
125 493 641
50 2516 2566
16 1738 1758
52 1443 1504
90 2560 2653
122 2495 2634
119 3681 3813
2 567 569
75 568 657
26 1792 1823
17 3681 3702
13 2075 2089
25 2973 3003
54 2766 2830
108 504 621
51 3209 3266
77 693 778
103 3526 3650
6 2554 2561
100 2101 2209
120 967 1087
15 2566 2584
108 936 1053
28 83 118
80 713 797
15 558 575
70 3719 3803
53 1193 1246
28 3353 3388
63 1404 1477
7 3762 3770
30 2531 2562
99 551 672
72 2216 2306
10 201 212
122 212 363
35 800 842
46 1845 1896
106 580 711
92 543 651
87 2214 2301
41 954 1002
65 3458 3525
55 3130 3197
96 3712 3816
25 56 81
24 63 91
21 3443 3465
41 3278 3325
102 2058 2173
118 75 215
117 2046 2164
1 2631 2632
58 3750 3808
101 94 217
84 3702 3800
32 1928 1965
119 1282 1404
9 2051 2061
116 1584 1714
12 2699 2714
81 2211 2295
118 3731 3871
17 298 316
99 3499 3614
102 1142 1267
52 966 1025
2 2534 2536
115 3022 3147
55 2764 2826
37 2144 2186
32 93 132
88 1856 1946
86 1961 2055
62 1569 1631
69 3400 3472
64 2014 2081
76 1860 1954
111 1526 1651
12 615 627
27 3308 3339
62 3488 3557
121 514 655
60 830 890
42 583 626
121 195 339
82 3052 3154
98 2082 2201
23 1106 1134
112 3273 3399
103 711 836
108 900 1023
15 3686 3703
118 137 282
78 2233 2319
21 3527 3548
116 21 166
10 2866 2878
111 920 1058
72 823 897
72 3258 3336
29 3078 3110
25 116 144
124 3011 3146
23 1189 1212
48 2583 2632
69 108 185
48 2235 2289
103 1563 1677
30 40 76
27 306 333
123 1479 1613
66 2699 2765
73 3197 3276
59 2031 2095
55 1639 1702
117 2637 2757
2 3392 3394
115 1665 1807
100 417 532
33 441 480
72 3378 3462
120 2807 2943
25 3426 3456
103 3345 3472
76 2133 2216
90 2881 2972
32 2535 2571
110 1842 1969
62 1696 1766
57 3097 3161
112 3687 3801
83 2595 2696
27 2215 2248
7 882 889
115 2489 2630
69 1298 1382
98 2924 3036
53 2188 2254
66 2571 2644
65 3074 3145
89 137 228
28 2172 2202
108 2111 2223
42 342 385
35 1263 1299
40 2317 2367
46 3661 3714
9 2727 2736
87 2567 2660
11 1381 1394
52 957 1011
19 3715 3734
92 3467 3576
66 1289 1371
