200
4 241 246
3 589 592
43 472 516
1 300 301
28 547 576
11 274 287
36 96 137
19 111 132
46 480 536
40 137 186
22 581 608
24 335 361
13 192 207
15 130 145
26 552 583
12 231 246
45 15 61
34 519 553
22 375 400
20 117 139
14 524 538
42 155 197
49 474 529
47 491 539
21 2 28
2 573 575
38 63 104
26 542 572
25 254 283
34 536 573
9 566 575
14 389 405
48 227 283
8 545 554
18 179 197
7 414 421
31 96 130
22 516 542
12 29 41
20 348 368
2 432 434
14 468 482
28 189 221
40 120 161
29 548 584
3 189 192
30 510 543
4 33 38
48 454 511
23 134 162
12 35 48
46 236 290
2 487 489
20 203 225
39 171 213
24 442 467
2 18 20
9 590 601
19 175 194
20 450 473
36 24 68
23 442 467
30 512 546
11 526 538
41 422 469
6 326 333
28 575 605
41 452 500
49 19 77
22 492 519
49 1 51
50 164 217
45 574 629
44 351 400
36 169 211
34 64 101
33 92 127
40 533 581
45 474 528
2 46 48
41 133 180
16 505 521
36 351 387
33 218 257
33 408 448
7 104 111
25 63 92
27 560 587
4 164 168
27 334 367
35 515 558
14 177 193
33 235 269
12 219 234
23 436 463
7 92 99
38 52 95
9 277 287
3 258 261
45 283 331
37 590 627
6 475 481
50 309 361
9 137 146
18 212 233
3 473 476
45 368 414
15 145 163
10 183 193
21 82 106
20 73 96
29 226 261
44 272 326
1 61 62
7 588 596
15 536 552
37 342 386
17 543 561
9 545 554
1 152 153
1 37 38
2 522 524
36 156 200
22 45 68
11 124 137
49 218 275
5 568 573
50 342 392
2 477 479
14 281 295
10 242 254
44 583 635
6 161 168
10 7 17
8 245 254
36 293 334
29 525 555
27 301 331
49 353 409
40 64 111
4 352 357
13 30 45
23 344 371
39 508 550
35 46 87
6 200 206
28 96 127
13 82 95
27 442 473
32 417 457
36 494 531
39 49 90
8 322 330
32 560 600
11 131 144
18 47 69
9 443 454
26 327 357
3 93 96
18 205 225
12 342 356
21 340 363
30 578 611
43 76 123
31 39 72
25 555 584
12 76 91
7 298 305
8 299 307
43 38 91
17 436 457
7 437 444
43 403 455
13 399 415
23 322 347
44 462 507
13 233 248
22 399 425
26 139 171
5 386 392
24 321 351
38 528 573
24 424 451
13 120 136
2 315 317
3 480 483
46 230 276
14 533 549
24 380 405
33 362 395
38 462 501
50 377 436
9 305 314
40 15 60
30 252 287
10 438 448
27 32 61
38 544 586
45 68 122
5 448 453
