400
112 546 841
108 272 499
6 430 648
302 533 950
336 240 576
339 288 657
245 403 741
313 533 931
285 477 907
95 490 774
268 312 663
25 454 687
294 513 927
237 610 922
137 504 736
60 268 420
128 209 426
44 389 444
152 451 821
36 456 683
346 653 1143
29 360 563
230 392 648
226 234 566
302 463 942
8 227 239
6 453 671
108 226 388
209 592 925
341 327 712
281 514 831
9 669 988
69 518 685
293 281 688
178 563 900
180 229 410
83 252 399
299 244 549
240 521 916
38 426 493
201 502 785
63 362 568
260 589 1141
35 426 575
9 548 815
82 696 1036
148 280 522
228 524 869
70 460 552
332 313 737
260 463 727
293 671 1222
140 269 506
135 534 684
334 242 679
326 455 916
321 268 654
66 195 307
18 667 775
306 413 761
30 631 963
259 282 671
252 236 538
187 311 546
227 556 880
308 401 827
113 576 820
131 550 873
93 309 405
244 604 914
302 693 1084
153 287 576
144 551 764
160 501 719
254 570 996
244 598 1134
312 187 566
71 694 954
86 398 523
247 231 483
339 474 878
165 583 966
331 243 637
219 569 859
170 456 781
217 656 1096
254 222 501
350 384 742
344 204 561
115 343 543
342 340 685
130 554 699
62 249 402
209 694 1232
209 376 666
163 567 786
246 527 905
191 687 914
140 574 975
231 338 620
20 214 274
296 566 940
114 558 687
11 472 657
98 390 498
172 374 631
255 417 704
111 597 917
144 211 450
320 507 1043
226 356 602
12 426 582
284 373 711
257 213 518
322 624 1164
10 287 427
288 189 518
273 335 746
217 659 1119
103 568 787
169 681 1147
276 255 608
267 343 683
101 219 341
80 256 341
334 383 720
259 308 714
33 449 682
11 214 328
124 198 360
90 411 624
218 353 596
338 213 612
197 592 1036
327 544 883
325 658 1088
66 579 737
151 419 679
234 201 469
124 449 654
55 686 872
92 431 728
282 624 1163
217 458 714
343 440 941
344 413 879
205 513 968
319 659 1222
43 266 388
142 374 580
14 199 312
347 621 1176
237 274 540
173 433 630
266 440 770
220 530 755
63 281 458
334 554 962
335 495 1037
216 599 823
41 387 482
103 183 317
320 358 680
178 538 738
327 608 1219
121 636 1058
242 346 726
314 618 1006
146 698 972
75 310 512
314 340 762
89 186 358
274 238 613
231 469 840
255 525 832
172 352 658
316 318 641
175 626 1053
75 640 811
49 534 794
75 573 709
308 432 861
63 238 396
293 409 867
203 318 638
335 382 864
84 559 827
342 213 620
153 227 408
178 319 513
312 638 984
169 191 383
109 641 875
232 575 993
260 311 626
23 383 534
111 697 1069
273 182 520
329 480 881
298 469 975
308 288 688
74 186 268
32 696 1075
338 332 701
65 516 581
202 255 493
128 434 732
226 353 637
19 175 204
305 435 777
110 433 704
347 420 840
250 242 516
137 695 973
213 662 1154
73 678 889
79 218 328
66 285 380
120 193 343
93 305 497
38 624 905
93 250 353
324 520 1041
259 225 592
192 281 583
125 609 827
230 292 607
24 197 228
68 310 475
173 189 365
188 410 695
138 490 770
344 474 987
105 505 646
295 507 939
221 402 646
185 271 531
46 566 704
17 256 348
325 429 954
127 499 676
196 378 657
220 453 685
56 404 659
185 469 865
350 549 907
283 348 671
336 180 588
197 689 1171
158 593 987
298 423 826
192 241 466
43 324 413
336 273 664
310 560 1042
278 488 862
320 261 651
112 685 927
62 558 644
258 545 862
174 488 738
331 676 1303
348 232 635
81 542 765
185 256 461
142 414 700
55 229 392
205 228 512
198 576 1020
96 271 499
245 680 1197
328 320 757
66 554 717
162 215 482
317 421 873
174 646 1127
190 230 527
100 357 499
336 226 655
27 238 318
288 332 729
247 406 841
177 572 957
80 181 290
36 200 297
98 473 759
246 243 605
214 284 534
312 335 663
120 229 403
48 450 692
18 591 644
309 446 937
172 609 865
346 312 737
247 579 1110
338 287 653
109 501 764
108 311 461
347 265 631
54 362 546
30 630 890
131 395 563
255 694 1020
207 350 720
156 370 633
286 385 704
1 699 731
189 558 1025
262 684 1121
288 630 1053
319 601 1078
247 252 580
55 596 674
89 427 578
240 634 1062
287 282 683
3 180 234
258 348 735
13 461 547
30 222 327
343 567 1156
259 227 535
287 422 837
148 219 434
103 290 531
89 508 608
4 341 462
168 335 548
347 271 706
73 516 626
69 683 803
212 208 498
81 644 896
261 176 466
211 406 659
275 619 1037
285 183 559
41 543 670
153 698 851
179 282 577
1 208 231
20 519 606
44 237 315
314 343 687
36 447 649
79 538 849
238 322 582
140 323 547
156 450 780
228 524 1000
85 271 468
132 666 1063
342 584 1058
201 208 456
59 231 362
332 429 947
15 430 468
259 677 943
225 543 1032
150 425 696
300 548 994
15 381 468
122 412 575
157 440 625
345 359 872
69 456 587
71 483 762
119 580 751
186 241 539
256 625 943
10 602 645
83 627 782
65 230 409
151 328 570
241 598 859
201 523 803
151 375 640
241 217 562
222 280 547
200 192 410
293 498 836
102 385 511
262 350 723
23 617 857
234 551 816
61 365 554
96 610 811
135 550 804
23 403 435
118 309 502
285 690 1119
266 527 962
222 503 818
191 522 756
49 504 630
129 546 880
235 610 1107
2 295 397
344 562 1174
