400
827 15074 17961
554 4385 5651
486 16881 18910
120 17054 17775
1564 5144 7025
162 11981 12765
457 1502 2006
735 11213 12657
711 18982 20901
50 19396 20963
1286 6854 9014
978 14447 16580
1388 11297 14920
274 19708 20467
786 10907 13717
1483 13552 16758
874 13788 15159
882 7071 8857
376 13584 14644
410 17017 20637
1362 12293 15272
1576 4231 5857
75 19497 20827
1588 19319 23045
633 7067 8007
243 459 741
1416 18590 23948
740 17586 18655
944 875 2080
1369 7189 8654
194 7206 8254
116 9286 10640
556 8647 9458
1346 19885 21436
1298 4050 5494
401 1894 2664
1334 14692 16957
571 20068 24478
344 16589 18851
1015 4900 6285
583 8162 10432
1036 15713 19174
1378 17514 20519
1020 4367 5564
244 3099 3794
1037 2655 3882
349 7055 7574
1583 8144 11523
1298 19779 24878
143 18829 20412
1103 17215 19671
343 11853 13265
595 3728 4377
1374 16494 17969
1494 16215 18564
94 8715 9319
1475 12369 14290
347 15809 18222
818 19499 22004
1289 5961 7755
880 14225 17050
337 12261 12923
467 14674 17353
567 12462 14836
1452 15513 19322
76 17308 19575
783 2282 3111
396 7316 9224
1497 7063 9726
529 19064 23198
1573 7453 9109
1568 16691 19443
519 10610 11240
894 10909 13093
1098 1177 2632
658 15099 16771
1244 13221 15515
1167 17570 19821
351 15778 18676
984 19180 20911
1328 4311 6286
1173 14564 16536
841 14492 16795
785 14233 15890
985 9942 12247
1487 8876 10415
1336 14628 17669
763 10315 12723
1368 11080 13475
401 14197 14814
1182 14142 15662
1326 3547 5661
773 6866 7909
1342 17641 19043
692 13757 15085
1384 9166 11635
1110 13742 14878
182 12964 15445
1026 8746 11357
1014 307 1567
873 6853 8031
596 15411 16681
231 17989 20720
1400 18870 20786
682 20481 24682
502 19144 21274
1569 17398 20194
879 10361 13409
22 2922 3027
112 10196 12236
1001 4869 6452
1485 12463 15959
911 10551 11839
314 17111 17754
1566 19359 24969
1156 11694 14424
1482 7389 9585
724 15265 17386
148 3392 4013
765 16947 19952
741 2533 3303
409 16186 18507
143 6975 8139
699 19747 23000
590 12904 13802
133 10350 10574
554 20341 21606
832 12632 14390
885 15525 17496
441 16724 17370
730 16124 17358
1548 7691 9695
989 19117 21062
232 14464 16905
400 6389 7969
525 10904 12013
1564 6031 7766
999 1967 3139
1480 19579 23903
416 13970 15054
436 7812 9318
315 10173 11581
1468 14947 17728
974 10571 11727
500 2442 3246
1324 8211 9839
935 7320 8667
606 14032 15216
1407 20041 23532
419 10525 12092
939 2404 3806
1250 4058 5657
1331 13588 16850
1595 11109 14616
98 3899 4137
272 20459 21395
1222 11898 14682
898 1335 2294
1045 1010 2279
113 8493 9730
916 9678 10626
865 14883 16012
177 13989 15308
539 17410 19474
110 16655 17741
302 11147 13509
392 7777 9674
539 8925 10367
1273 19184 21395
1148 2565 3844
337 4111 4810
943 16551 18382
791 9691 10743
604 7057 7966
504 15681 16590
513 10255 10925
178 6022 7232
933 9468 11616
1180 3645 5227
773 20234 21941
1579 3631 5692
466 11529 12305
131 1136 1342
42 8677 9124
283 18054 19635
946 19595 24209
1257 5783 7989
306 11900 13953
15 3717 4258
222 3186 3779
1252 12301 15325
1274 19998 21462
428 15886 18188
1325 3313 4744
1292 6187 8509
1506 17581 20185
1000 16637 19433
804 11819 15054
1481 3602 5896
1037 9314 10475
1485 7935 10661
917 13389 16124
522 13003 15969
1597 9012 11580
250 12387 15137
1406 2440 4294
299 1632 2214
1417 13368 16824
1289 19600 22855
809 235 1184
78 13889 15948
927 20440 24315
479 3073 3665
639 20583 24969
472 13250 13931
104 6365 6607
1090 18093 20161
1374 18787 20905
497 20346 23331
1301 19541 23906
1392 8770 10680
365 12668 14217
12 16721 18744
885 17421 19397
778 4105 4904
1050 185 1285
775 15218 16867
876 9757 10645
707 1095 1840
1585 17074 20600
991 7079 8086
1001 2116 3247
873 14863 16419
570 8557 10775
110 18461 21637
1090 2903 4335
1150 16863 20267
708 12511 14190
238 13494 15928
1566 16396 18139
1021 10680 12297
676 16440 19738
618 15187 18731
86 10797 12649
495 12965 13968
721 7489 9456
148 17452 20906
775 422 1309
1212 14138 15527
784 19676 22537
391 20570 24219
361 9163 10375
70 4309 4878
145 2841 3442
429 11364 13782
1078 5448 6744
482 3070 3913
774 16603 20728
1383 11338 13237
1401 19431 23579
958 16114 19803
1536 4 1584
979 19603 22082
652 14574 16200
451 16365 16945
567 8908 10808
33 9184 9303
1324 10349 12038
1148 12332 15598
316 14802 16870
1217 17162 20976
1596 20433 22999
1569 5971 8045
1420 19246 24337
51 15600 16436
1302 20616 24931
972 7975 10044
138 18328 21729
1302 18036 23187
1171 3018 4999
1084 2760 4132
1180 13407 16151
699 10608 13479
29 19177 23042
1346 15737 18820
1254 4311 5574
677 1160 2141
1279 19388 21560
888 15956 19436
1174 6651 9043
214 10190 11541
53 6452 7620
831 10412 12670
530 8420 10321
1098 7704 10279
202 8591 9754
796 4187 5360
675 18996 21501
765 11048 12849
550 9514 12034
1068 17242 21873
117 11919 12467
1574 19213 24592
1274 2157 3794
956 17294 21263
1312 44 1624
1010 16653 17949
199 2557 2779
1439 12450 16107
197 12212 12645
426 6542 7459
666 15582 18376
856 18219 22041
531 20061 23878
609 12603 13776
968 841 1917
1153 655 2072
516 328 959
1383 13343 15111
614 10359 13032
321 9421 11495
1356 17497 22592
913 10689 13647
1009 20408 25643
205 4080 4561
1115 398 1782
785 9299 10328
1023 3503 4854
124 5276 6206
374 8714 10288
1408 6626 8603
61 20121 23299
887 9098 11589
707 5926 6899
1422 19790 23059
1101 16036 19264
512 5497 6298
397 7197 8546
1262 10249 11745
814 15004 18015
392 15557 16994
1438 8167 11151
544 20291 21726
1535 20529 26014
380 4317 5331
1384 8719 11450
894 14171 17442
1459 8147 11308
254 15357 15614
448 5124 6454
828 13113 14268
1472 17421 19914
1482 7487 9069
945 19470 22191
170 16537 19735
1394 10171 12397
725 12058 13337
707 9012 9821
487 20117 22375
914 17803 20112
983 10704 13145
1494 12331 14428
1401 10364 11903
495 3353 3883
673 1488 2457
1098 17978 21238
957 18255 22951
204 1761 2162
1307 13803 17696
1221 10326 12482
445 20093 23810
691 16772 19322
1494 18646 20169
619 3629 4766
1516 8126 9730
647 15954 17213
523 2995 3746
1321 13944 16021
617 17918 19260
475 14913 17260
203 7249 7723
123 140 281
1592 2924 5210
1494 11970 14609
652 8939 10911
52 3546 4001
1289 8735 11905
1103 6410 8458
774 12746 16011
1094 14253 18193
936 3276 4511
1173 5857 7164
351 13658 15213
501 4661 5175
665 1861 2695
1394 18320 21742
1160 14355 15563
261 2798 3103
951 5655 6890
858 12799 14409
