300
179 702 925
343 318 814
368 574 942
204 235 463
297 483 997
173 276 477
347 552 1083
354 781 1420
182 704 981
362 665 1224
68 607 711
328 433 971
68 488 752
86 320 479
318 716 1391
260 326 735
326 521 889
265 632 947
159 522 766
62 286 440
307 315 673
11 211 273
51 486 616
214 650 1058
92 774 1050
292 416 882
46 299 416
347 600 1055
194 232 524
271 452 934
150 389 615
133 412 672
289 769 1159
183 347 593
180 350 593
96 401 637
343 604 1182
253 537 971
336 492 866
186 677 917
73 510 675
212 496 795
21 416 512
99 491 736
187 353 684
29 255 334
169 645 992
138 447 723
125 472 674
7 461 642
169 634 1081
299 698 1211
131 742 897
384 201 623
400 252 721
202 388 603
96 419 632
170 516 698
173 546 808
103 333 496
70 371 441
303 538 945
127 436 655
286 465 840
298 728 1141
130 647 972
342 755 1148
382 760 1477
132 689 1008
106 358 588
258 706 1012
230 505 930
377 389 897
82 709 853
346 744 1094
176 603 989
175 430 606
235 425 732
78 360 444
96 239 343
145 222 457
371 686 1327
183 604 898
256 215 544
113 579 696
46 346 444
266 295 663
29 581 681
294 598 1067
51 260 358
257 388 682
276 687 1044
79 784 918
340 454 1002
266 238 555
138 660 1038
223 730 1165
165 465 855
8 267 379
122 429 571
391 670 1163
66 424 559
136 387 633
207 634 980
261 724 1130
400 200 624
353 590 1032
238 313 638
44 423 533
368 474 863
386 488 982
389 422 870
140 244 403
12 415 504
314 534 864
388 317 776
19 510 711
322 637 1083
8 480 663
258 415 739
271 687 984
142 679 898
36 355 472
197 304 589
187 234 498
394 359 812
72 212 344
185 763 1166
200 622 1043
186 273 479
260 303 678
282 388 692
74 555 650
101 703 820
76 201 369
127 565 832
305 310 735
316 800 1290
176 405 636
147 409 668
330 279 705
373 517 902
16 496 691
171 242 481
397 772 1460
122 250 454
162 447 658
387 365 848
354 431 890
115 603 999
177 346 647
56 480 693
398 245 690
153 420 692
31 267 401
252 670 989
169 229 422
175 542 806
151 338 547
326 735 1161
6 784 932
79 573 655
194 288 515
343 341 846
64 727 1126
293 373 762
198 412 737
298 318 762
92 275 375
238 693 1119
393 293 699
197 330 668
173 583 794
396 267 793
313 346 830
363 421 825
204 430 733
222 206 442
170 361 559
90 681 985
176 403 756
244 379 704
33 722 982
108 395 671
311 430 950
33 791 836
28 285 349
88 774 918
109 791 905
43 306 460
165 640 894
370 689 1111
382 447 908
218 270 576
167 244 422
19 760 836
368 316 722
43 779 902
109 251 445
115 465 613
163 358 623
116 318 588
92 409 593
37 221 323
123 298 557
124 539 694
334 513 959
399 559 1223
185 325 618
338 789 1354
36 371 586
130 295 513
200 731 1169
264 384 770
160 609 943
4 777 877
156 578 992
206 585 994
63 537 810
214 765 994
364 725 1205
65 359 447
48 701 922
132 455 622
77 309 445
305 315 689
166 327 539
139 322 575
130 782 1090
150 501 876
69 726 840
363 476 966
267 504 1020
209 728 1157
329 647 1265
33 531 793
98 713 977
323 785 1321
276 457 941
304 379 840
215 686 947
345 538 1028
189 719 937
37 413 627
395 548 1164
383 686 1103
6 207 280
212 757 1092
95 365 466
388 478 947
163 288 459
165 629 1001
389 620 1257
379 349 895
90 588 735
345 502 1092
63 409 474
10 306 337
305 310 632
230 784 1374
210 570 860
381 593 1111
29 538 675
300 665 996
89 384 561
328 712 1335
159 765 1044
187 777 1202
90 218 310
40 240 332
137 476 697
79 626 850
193 274 547
252 373 724
293 392 704
246 351 619
331 328 789
350 438 795
170 786 1022
226 755 1176
199 762 1154
86 343 546
122 415 692
370 287 791
118 604 1016
35 745 1138
140 285 551
230 527 954
183 448 705
146 350 571
233 519 752
341 627 1128
330 223 606
149 685 928
285 782 1426
88 434 582
303 272 681
9 542 688
254 548 917
261 660 1210
