350
23 367 392
44 1831 1878
17 862 880
68 1281 1359
80 1091 1188
10 1776 1786
40 1321 1366
24 1071 1099
8 380 390
11 790 803
28 630 659
39 1047 1087
75 1739 1815
57 691 761
24 1034 1061
52 1571 1633
20 489 511
26 114 146
60 1750 1821
27 1551 1579
83 499 586
2 663 665
85 74 172
83 795 886
57 1494 1563
32 1430 1469
23 310 337
37 1759 1805
1 1445 1446
23 977 1003
24 392 420
11 681 693
31 1787 1819
83 813 904
40 346 393
9 207 216
29 563 598
10 1874 1885
36 1100 1138
63 1832 1898
55 282 346
15 881 896
33 268 305
44 345 396
68 547 627
81 1060 1157
34 456 492
51 293 347
44 1681 1725
36 175 217
2 1803 1805
86 1629 1735
32 1302 1336
19 579 600
12 1257 1270
45 1871 1916
69 1110 1195
8 775 783
45 1673 1728
43 41 87
17 1091 1110
12 1061 1076
51 1170 1231
74 92 168
56 1286 1342
47 196 250
31 1545 1577
62 1071 1145
24 256 284
57 681 749
14 1470 1486
6 736 742
81 1258 1344
42 804 853
21 1259 1285
82 570 666
86 1514 1617
13 944 960
13 308 324
55 1181 1238
50 60 119
72 533 608
54 1736 1797
34 885 927
15 69 84
22 728 752
5 156 161
64 576 647
67 1449 1526
35 689 725
58 39 103
55 1256 1324
62 824 890
65 612 685
49 719 770
18 8 30
35 307 346
78 1838 1919
56 140 197
13 1289 1304
20 1135 1160
46 1013 1068
62 744 817
13 799 813
51 200 261
16 1019 1037
29 1225 1257
64 937 1016
82 1859 1957
83 359 446
5 1596 1601
12 319 332
34 454 494
55 699 757
30 1103 1140
42 1473 1518
7 926 934
28 1235 1269
17 116 133
44 581 627
41 497 545
1 1500 1501
84 1002 1099
20 1432 1456
42 1540 1588
73 1485 1561
36 1841 1885
51 933 984
85 1855 1946
57 1174 1231
5 1425 1430
38 1668 1708
6 1201 1208
81 577 676
54 1225 1283
46 951 997
33 265 298
71 473 549
6 1268 1274
40 872 919
73 856 938
44 1003 1051
52 485 545
74 1547 1638
7 1461 1468
30 1773 1807
59 1014 1077
46 1761 1807
45 1220 1273
22 607 630
29 1831 1863
76 1101 1182
25 317 344
42 1153 1195
33 1329 1362
82 278 363
5 1825 1830
46 1422 1472
16 1359 1376
22 50 76
8 1571 1581
20 1183 1208
77 727 808
3 230 233
41 891 938
51 1025 1084
48 360 414
30 1137 1173
8 821 829
65 1436 1514
87 711 814
75 530 610
8 718 727
47 1677 1725
77 1552 1645
63 1183 1259
74 155 231
69 579 665
59 1076 1136
76 933 1012
39 747 795
14 1124 1139
29 1340 1373
12 1307 1320
28 812 841
40 1391 1433
37 19 58
33 926 959
71 1669 1745
13 762 777
63 697 772
47 639 693
27 1533 1565
45 1342 1397
3 971 974
81 755 839
87 1484 1574
2 350 352
14 241 256
63 555 627
44 1202 1255
42 780 828
15 1162 1177
30 288 318
29 809 839
42 1072 1119
58 459 519
36 1311 1349
38 1083 1126
63 1808 1871
35 1422 1459
85 329 420
87 106 197
13 1810 1825
44 1408 1461
35 292 334
44 11 60
72 889 968
83 1381 1474
36 903 945
67 1541 1609
22 970 993
39 248 292
68 497 575
80 620 705
12 1882 1894
35 339 378
40 871 914
27 1217 1244
71 607 686
45 1098 1151
46 291 343
80 999 1090
19 197 220
32 36 74
82 1033 1120
78 394 483
47 378 427
20 997 1020
59 156 228
31 223 261
60 1568 1630
41 1238 1282
10 165 176
86 49 140
67 750 825
38 1114 1157
51 835 897
75 34 111
52 1767 1828
71 1021 1097
22 192 214
12 1850 1863
22 592 614
49 1072 1132
17 1552 1571
83 671 761
85 1771 1862
9 1075 1086
72 1516 1592
73 1097 1187
13 1810 1825
67 1587 1659
1 1378 1379
72 221 301
84 208 309
69 137 213
52 1473 1525
83 1586 1678
12 1814 1829
15 441 457
8 1364 1373
80 1158 1258
70 1254 1334
69 1080 1154
57 1783 1842
8 1755 1763
78 1565 1643
82 512 602
59 332 392
35 1512 1549
87 488 593
69 1786 1856
41 111 162
11 227 238
67 404 478
45 1456 1511
38 259 306
73 1811 1885
27 294 327
61 1065 1137
8 460 470
52 1173 1228
79 1397 1481
24 254 279
28 1810 1840
73 482 571
43 460 507
41 1106 1157
83 847 946
57 1409 1480
37 633 679
14 298 314
5 276 282
46 362 419
39 1058 1099
17 1763 1783
49 1386 1441
16 236 252
10 1250 1262
61 1274 1336
30 507 537
75 93 181
5 1050 1055
32 241 276
32 1588 1623
77 1865 1945
22 1479 1502
20 1190 1212
56 597 658
77 1483 1562
71 465 545
76 1777 1872
17 1496 1515
1 900 901
83 1478 1575
36 1507 1545
12 1167 1180
25 1405 1432
20 625 646
23 215 239
44 1565 1614
23 545 573
2 1489 1491
54 681 748
76 1435 1518
50 842 896
4 945 950
54 291 351
68 760 837
26 848 875
14 765 781
52 468 528
53 768 828
38 50 97
44 902 956
16 1068 1087
76 1513 1598
54 1065 1130
81 1884 1980
