250 
46 73 143
11 54 77
15 53 79
43 36 82
24 27 54
13 35 51
41 51 102
1 73 86
6 18 25
14 37 56
16 100 139
34 54 106
14 20 39
30 26 64
21 53 87
43 23 77
31 62 99
11 35 46
18 18 39
34 53 102
47 54 116
6 68 74
22 66 91
35 53 106
7 116 136
6 101 117
43 56 116
41 22 72
38 53 100
19 25 54
21 50 73
27 26 62
14 32 58
24 88 138
20 62 85
20 73 96
35 89 133
14 7 25
35 63 109
15 36 60
2 2 4
6 16 22
22 44 83
42 76 140
32 37 73
28 15 48
7 14 22
28 55 85
44 34 96
45 47 105
36 87 125
15 55 74
18 64 89
41 76 120
14 105 128
4 114 123
22 49 89
45 23 80
24 4 31
36 41 77
22 7 29
4 37 44
2 122 131
14 65 83
2 62 67
25 7 40
25 73 121
25 83 123
16 71 90
18 22 50
29 60 89
37 83 122
28 49 80
3 43 51
10 72 97
20 102 151
24 86 117
15 47 69
46 25 79
32 40 84
46 59 116
31 88 137
31 23 54
26 3 29
47 11 61
25 90 123
21 93 137
31 70 125
39 78 123
36 87 140
21 88 131
27 33 67
5 75 95
47 28 92
37 35 72
10 65 86
40 80 126
8 103 138
15 23 48
34 46 85
40 13 56
44 41 91
3 85 96
46 40 86
40 31 85
2 32 36
16 21 46
43 13 67
34 22 66
46 44 102
41 10 60
19 62 95
21 60 90
30 63 100
44 12 67
13 6 21
11 86 106
36 20 60
40 22 75
22 5 34
47 15 69
33 31 73
32 17 51
15 75 93
41 29 81
27 57 84
6 62 85
30 86 128
7 8 16
23 86 116
33 49 86
43 15 59
7 71 81
35 76 120
30 6 37
42 72 124
30 46 87
4 59 64
8 21 34
31 45 80
40 18 70
28 69 104
30 13 43
10 105 142
38 51 92
15 58 74
10 5 18
42 74 140
44 62 107
36 36 75
33 88 141
28 49 89
44 50 98
4 30 34
19 101 127
13 98 128
40 14 61
33 91 131
9 10 19
25 66 107
14 63 81
44 59 119
46 60 112
46 59 114
20 47 77
14 42 61
14 55 75
7 78 103
20 40 71
18 24 47
19 10 30
36 21 71
30 55 95
21 95 131
4 12 20
12 43 56
31 77 123
34 2 45
41 43 94
16 48 75
6 102 126
33 87 126
2 104 112
24 41 77
24 19 48
37 11 54
29 22 59
45 67 122
5 117 142
29 34 73
20 93 118
3 82 85
40 40 82
17 21 47
40 26 75
17 17 43
3 86 110
19 63 87
9 73 86
2 39 50
41 76 133
5 93 98
45 27 77
47 62 136
35 73 111
21 36 70
37 84 148
29 52 97
38 2 46
3 56 66
40 31 75
9 65 77
7 88 110
30 64 103
22 20 46
5 117 140
41 70 119
8 48 69
29 76 123
16 50 83
10 90 118
19 75 108
6 70 85
39 35 83
38 10 54
10 28 48
36 37 89
21 67 92
45 35 96
22 55 84
37 19 70
33 75 129
21 12 39
5 31 45
38 54 93
16 11 31
38 83 131
47 45 105
41 31 72
6 54 63
9 21 30
30 10 48
5 92 107
24 55 97
19 25 54
35 49 99
40 48 107
7 63 87
40 44 86
10 85 106
