450
1799 1882 3736
624 4474 5767
246 6554 6917
1474 21524 25640
1648 2550 4727
142 10283 12256
910 13850 16329
943 22706 24539
1504 6975 9060
1764 10657 12545
472 12152 12999
1196 1786 3450
1328 21525 26187
1252 24628 26458
281 14034 15579
1556 18756 22723
855 23550 27514
607 14984 16460
940 4641 6332
1269 8750 12010
48 9242 10743
1454 9813 12860
1320 11233 13545
1384 167 1702
1236 2532 3941
1283 14293 15623
335 13069 13513
323 19742 20666
1048 15027 17134
904 1156 2363
1734 2840 4939
1158 5923 8387
250 17114 20441
489 14381 17583
1676 25267 27894
1177 23467 29379
1336 5885 7366
1590 7109 8841
1746 8723 12412
1310 12452 15315
52 25656 28221
779 9830 10853
108 17606 19835
1235 18974 20954
1221 9866 12302
223 18951 21742
58 7676 8139
814 11994 14835
1180 21676 22975
639 25252 28658
1710 18404 21573
1285 14942 16490
1710 25265 28654
22 23131 24027
400 7270 9083
322 11402 11990
592 25481 27474
1184 16808 20023
1348 2242 3744
463 523 1150
321 14228 16738
303 8950 9879
1525 13423 16946
951 11108 12567
32 20773 22440
709 13651 14755
1157 17863 20709
632 3710 4818
1455 131 1889
949 5566 7388
1550 6417 8400
1306 18290 20800
223 11514 13571
635 14856 16884
801 1190 2275
1296 12984 15179
318 25608 27032
668 13937 16077
197 17874 19043
1416 19190 21696
1224 5536 7469
36 1773 2040
1242 10718 12173
668 14459 15296
1287 24992 31076
204 24076 26027
429 14767 17843
174 16807 18570
200 21124 24639
1115 22158 24193
1444 5722 7642
1687 6006 8623
30 3177 3389
1107 805 1952
647 20422 22648
400 15991 17605
1549 23563 29864
286 3853 4907
611 4465 5396
480 21678 26351
1115 5022 6270
713 2374 3682
1175 25691 31063
444 17537 18206
1583 19336 21565
329 6835 8020
756 12652 14727
164 4827 5948
1655 1774 3564
1119 13842 15635
1392 9736 11267
207 18132 20563
523 7835 9678
1341 24044 27663
1511 14678 18194
1648 5340 7867
1315 10272 11650
1746 4614 6761
1600 18460 23051
1669 6300 9205
1434 14227 17952
1534 312 1969
1260 6870 8953
1765 12249 16712
1294 642 2205
1793 10206 14172
1117 23319 28518
578 15913 17693
1510 23062 27349
798 14277 17622
1660 8017 9919
133 69 211
1763 21244 25069
671 17727 19418
686 25294 28829
1109 11320 12924
514 12705 14287
1557 23280 29056
1672 25007 28868
491 22819 26198
499 5856 6558
581 21682 25659
1653 13677 17113
219 4965 5836
1258 12144 14571
531 6019 7838
791 11165 11980
245 4135 4937
695 7476 9257
1471 3481 5755
153 16454 19311
330 4416 5575
589 16717 18444
731 22219 23311
698 21861 24943
851 13448 16702
1661 23862 29229
152 7295 7691
1546 26051 30059
1506 19074 20876
1537 21182 27171
1049 25066 28777
1317 5868 7245
1665 7505 10416
1533 10558 14442
1259 16231 20095
992 17784 19976
1403 9938 11438
909 3620 5330
72 5825 6926
706 24212 27923
35 22143 22957
1333 18143 19757
102 6927 8046
24 9143 10287
1521 23076 26710
319 19115 22464
1022 23036 25275
72 23835 24544
791 19255 20534
712 8638 10098
1460 12698 16320
490 8974 10137
1643 10571 13044
649 8044 9392
324 2388 2835
1636 20031 22404
548 21057 21922
139 24549 29216
94 3101 3548
1315 23073 26423
463 21027 24797
1620 14776 17332
517 24536 29256
16 24147 28802
851 5298 6317
1035 16440 19773
619 21330 25248
751 12430 13195
685 18456 21964
995 17001 21313
628 23118 25395
1355 5119 7751
457 455 920
1282 18055 21304
492 5103 6469
370 23073 26782
1391 14159 17561
291 20651 22505
93 16208 17822
605 19186 23042
429 2881 3384
1024 2844 3967
1203 9881 11476
436 5898 7306
649 9969 11537
662 21800 25453
302 15350 18337
969 4118 5179
1749 6518 9232
1743 9127 12061
1073 687 1776
1071 12503 13676
1617 22810 28349
1606 1815 3537
574 23352 27572
1007 20430 25078
1062 12185 15199
838 7706 8669
303 14171 15937
836 142 1149
319 22384 23888
62 23190 26116
1789 19859 22335
1312 11785 14042
834 8671 10546
1781 23755 29373
188 25118 28343
1704 24798 29316
757 4086 5384
1055 15650 19785
736 7808 10107
1795 17371 21997
921 2348 3270
719 15026 16308
1372 18371 21648
1469 6663 8694
1584 2947 4917
519 7398 7934
21 9745 10874
758 17924 20043
659 7759 8564
880 7019 8469
856 5043 6831
193 21663 22837
120 21333 21481
1416 1344 2828
673 11798 13851
503 2243 2987
1162 14087 15275
940 20418 23538
481 8516 10554
1771 3771 6231
589 12522 13121
1482 3387 5673
663 20231 24210
1038 10638 13480
592 23807 26297
132 10944 12967
28 21220 22065
1471 14104 17693
1423 22318 26690
1753 14785 18997
572 12047 14528
948 9715 12299
360 23480 28417
153 5632 6790
1552 3955 5737
880 20209 24884
465 4821 5290
1280 14033 17198
1627 24086 27032
766 22050 26232
148 6930 7483
742 13385 16199
1783 15343 17650
672 11449 12594
876 25116 29536
432 19995 24094
101 10247 11445
256 9258 9818
1526 25403 29181
1223 7585 8873
1624 21985 25595
1469 21623 25671
1161 16026 20195
608 1414 2347
308 18655 20479
1254 16100 18311
977 2488 3618
916 9896 10860
1219 15786 19175
1201 3940 6139
588 18073 20037
1762 18728 24052
341 9724 11440
277 5425 5898
41 22266 25694
1051 4583 5941
699 7328 9513
177 12437 13645
243 8180 9619
1281 16456 20513
1238 11275 14404
379 11686 14395
457 20513 21021
1566 16907 20966
992 6676 7839
1611 211 2127
1762 12060 14413
1523 16753 19531
1608 2850 4483
1141 23748 28310
1528 1102 2799
110 1738 2082
798 3807 5352
1059 11505 14459
1229 20710 22076
686 12455 15648
1741 7845 10460
1593 4288 6820
1251 6172 8603
217 18523 20350
1594 1495 3530
902 7453 9162
1795 19559 22098
1334 20295 22811
719 3867 5417
1783 5350 8464
160 19179 21212
1532 3941 5613
1398 25841 28775
174 5813 6753
1723 17036 20428
441 8090 10087
537 11033 12521
341 13970 14940
787 25795 29221
1423 11121 14428
1433 5321 7547
1489 23385 28420
1066 24841 28243
1326 12463 16115
275 21875 24770
1520 23327 26476
1113 14033 16717
1708 25921 28760
1423 15933 18431
1277 6524 8647
204 123 346
1265 23271 27210
118 4252 4975
388 5065 6059
625 11399 13951
1650 9341 12406
1436 12978 15567
1199 2207 3954
245 8732 8995
1599 16377 21346
1157 983 2259
965 8845 9958
1587 20151 25240
1700 10796 12880
804 14999 17210
89 10793 11577
1260 19868 22410
1246 1859 3421
1291 14640 19116
903 10587 12588
530 20456 22790
1031 18715 20004
1248 3163 4608
704 14184 15524
373 13536 15968
1508 5098 6739
1426 12793 14759
1510 14650 16347
1240 5046 6924
1780 4513 7264
796 18090 21022
759 25642 28063
587 7925 9596
733 19486 20680
1546 13386 16365
391 24087 24857
819 8279 9957
434 22152 26859
1680 20268 22956
1694 4995 7233
896 16321 17787
1454 12122 14761
1702 9373 11581
637 13348 15882
203 25277 26816
1381 22989 26301
252 22242 26295
1732 516 2598
693 3890 4900
1626 8227 10520
327 7167 8382
960 16729 18482
622 10793 11486
11 6609 6732
353 18722 20147
680 14367 15577
1200 7995 9422
1305 16485 18370
1190 21791 27399
966 17441 19194
729 22765 27090
97 22626 23895
476 15775 17296
1412 964 2567
324 9646 11288
712 18875 23275
1782 23973 29560
1011 22845 24062
513 830 1461
714 1372 2441
516 20119 22425
515 23562 26192
968 4664 5651
282 19893 22164
1615 22648 25760
22 2633 2892
545 26035 28545
1285 23606 29077
448 22494 26082
332 16510 18228
1003 15623 16803
328 15206 16720
337 11527 12643
630 6907 7690
1783 15333 20332
411 4608 5771
300 25534 29509
973 9219 11881
891 21927 23825
1164 11884 14334
1703 21625 23369
