450
35 751 788
97 729 838
73 2540 2631
56 2707 2767
78 1695 1789
57 1514 1582
71 2314 2397
32 871 908
1 2934 2935
70 2841 2911
66 1910 1992
21 2925 2949
108 1801 1909
11 1598 1609
108 3214 3336
107 487 618
91 2025 2137
65 2972 3040
8 3102 3111
11 2299 2310
12 191 203
99 2731 2840
54 1533 1592
35 2331 2369
101 2083 2185
36 2786 2824
72 88 178
54 1462 1523
8 3059 3069
8 881 890
3 2675 2678
52 2457 2510
94 2689 2799
3 1038 1041
70 2929 3008
12 1219 1234
64 255 331
81 2789 2884
44 1759 1807
90 3226 3333
58 2087 2152
5 763 768
108 1111 1237
100 368 483
19 2427 2446
66 1319 1397
4 2269 2273
82 2175 2274
52 923 978
68 81 159
100 764 889
23 1089 1116
106 419 525
53 538 594
38 1899 1940
81 732 813
42 170 220
105 867 998
81 910 1006
20 116 141
47 1701 1756
81 1408 1501
73 1077 1162
48 2922 2982
55 1774 1842
112 859 972
37 181 224
26 1559 1589
32 3165 3200
37 3110 3151
53 1721 1783
67 131 206
31 291 329
61 2 63
24 1403 1427
75 2462 2542
107 135 248
20 2906 2926
73 2204 2293
35 854 893
84 483 582
72 2879 2969
87 3207 3306
53 2364 2428
26 2866 2897
45 272 318
6 1215 1221
91 1429 1528
82 1324 1413
111 394 527
7 1327 1335
75 242 319
101 2833 2947
77 421 504
28 2941 2969
20 730 751
82 1976 2075
32 2108 2143
85 1859 1953
30 588 620
29 2193 2229
36 2520 2558
38 1201 1248
56 2641 2703
42 1759 1808
22 375 402
79 415 503
19 2254 2276
33 2138 2171
53 110 172
13 3132 3147
104 2598 2706
51 417 473
81 140 232
29 2658 2689
39 2278 2317
103 2513 2639
42 2975 3026
33 1409 1442
60 2609 2679
3 159 162
103 2570 2674
89 1306 1407
13 2896 2912
41 755 803
83 773 868
46 87 142
92 1353 1459
16 1308 1328
10 2216 2226
4 2415 2420
9 213 224
69 1278 1359
63 1073 1136
75 2707 2791
23 1993 2020
79 1148 1227
74 1747 1828
57 2495 2565
57 107 176
73 399 477
28 1736 1770
16 2771 2788
53 786 851
105 1688 1809
98 1868 1970
33 1506 1544
94 1145 1249
41 237 282
83 2090 2193
53 1650 1715
97 2483 2595
10 269 279
99 962 1064
111 532 670
19 2958 2977
19 2480 2499
60 2574 2640
95 383 484
73 2093 2171
68 998 1077
109 1973 2096
27 1917 1945
16 3109 3125
100 968 1080
1 2050 2051
84 1621 1724
100 2528 2633
14 2697 2713
40 1737 1777
86 2579 2673
15 812 829
80 2843 2934
66 292 363
89 2585 2677
81 658 757
101 1852 1976
26 109 140
22 745 768
22 132 158
77 1774 1859
12 772 785
82 1521 1614
96 2257 2355
53 1615 1670
43 2484 2528
21 705 729
83 2671 2763
79 212 301
66 2264 2336
6 1710 1717
40 2728 2778
81 1570 1671
82 1390 1487
22 2931 2953
6 1478 1485
79 3040 3126
15 1759 1776
90 2148 2238
62 1531 1593
40 2820 2866
43 2933 2984
25 2131 2161
21 2419 2444
112 1674 1805
78 2317 2401
54 2510 2571
63 1083 1159
71 1223 1302
38 732 779
17 3055 3073
26 2578 2610
60 1612 1681
69 2000 2083
71 126 201
39 3035 3081
63 2360 2426
6 162 168
35 1706 1745
5 2527 2532
77 2475 2553
46 676 728
9 2193 2204
82 2448 2539
3 157 160
101 1121 1222
11 1789 1801
67 3026 3108
67 2222 2297
78 1084 1169
59 294 356
92 736 841
46 2314 2368
42 216 260
69 3045 3116
35 959 996
94 768 867
52 178 241
99 1319 1434
53 1519 1583
24 903 929
86 2686 2791
30 1744 1780
51 796 855
73 1894 1979
97 2916 3025
15 2909 2925
56 516 574
96 1270 1368
23 1552 1578
72 1523 1604
53 1530 1596
88 2067 2177
105 3180 3300
86 394 492
105 2628 2737
100 2538 2646
80 2342 2437
43 2161 2206
6 735 741
49 1439 1497
47 3074 3129
77 2282 2364
105 723 854
108 611 726
43 1841 1888
40 1514 1555
78 723 816
90 2065 2165
108 558 672
99 803 917
72 1704 1781
38 548 586
51 2856 2909
37 222 267
104 713 832
59 87 159
19 1058 1078
75 2391 2478
81 469 557
106 2926 3039
108 3205 3322
46 299 349
26 1890 1920
93 1295 1399
111 2162 2287
105 2642 2773
36 1397 1433
10 982 993
19 1714 1733
70 532 608
2 3197 3199
101 147 262
112 2235 2348
82 1359 1458
5 2010 2015
22 3040 3065
77 681 771
29 1772 1802
75 465 551
59 793 853
77 1413 1502
42 1740 1789
89 2909 3000
108 1882 1993
102 2648 2775
69 2806 2877
93 604 698
7 1849 1857
81 2316 2408
107 868 988
25 1742 1770
12 1528 1541
35 2415 2456
68 1105 1175
29 3056 3090
78 2084 2177
72 2258 2342
74 639 729
33 894 933
21 2702 2724
28 2466 2496
63 3225 3294
27 1010 1040
75 2352 2437
27 1281 1312
15 3115 3130
71 159 234
84 898 987
72 1497 1580
60 2682 2743
86 2850 2943
65 3013 3078
72 743 833
88 3181 3284
88 1742 1834
90 3099 3191
16 2693 2712
91 1315 1408
8 457 467
99 639 756
108 40 149
66 616 685
10 2456 2467
29 2792 2821
107 2636 2759
97 162 272
90 731 823
71 739 824
73 569 648
30 157 190
58 1319 1380
68 2891 2967
104 1986 2097
41 1134 1183
83 1871 1961
112 954 1087
26 2066 2097
32 3166 3202
48 1861 1913
30 10 43
32 2913 2949
102 283 405
110 1722 1849
107 3174 3302
60 106 166
13 1964 1979
22 2812 2838
29 2823 2852
14 1159 1176
83 1224 1321
41 2418 2464
12 2126 2140
65 1244 1323
64 1384 1456
101 422 531
37 2681 2719
66 705 783
91 1723 1828
69 1656 1728
35 2144 2183
51 2230 2288
95 2127 2236
109 1179 1304
67 650 726
103 3182 3293
21 1160 1185
53 606 667
12 1793 1808
27 982 1011
31 1821 1859
50 927 983
92 911 1005
4 1990 1995
73 537 616
52 2564 2625
42 2469 2517
10 655 667
53 2034 2090
43 3189 3234
23 233 261
28 1137 1165
39 2229 2272
88 989 1088
110 1902 2025
96 3196 3312
21 733 758
48 423 479
35 625 660
59 634 698
10 621 631
32 1283 1321
51 3086 3139
20 1687 1707
51 1125 1180
88 501 593
36 2957 2995
8 2963 2973
84 1477 1572
20 1479 1504
91 2888 2993
47 2489 2540
51 627 685
111 108 224
80 3046 3136
32 930 964
102 2086 2203
75 1008 1090
14 456 472
34 1863 1903
30 1582 1613
106 938 1061
82 1210 1310
75 31 124
60 3161 3227
39 105 149
20 1968 1991
22 1631 1657
70 2800 2874
65 942 1007
84 229 334
83 1951 2041
105 2247 2352
65 1051 1117
5 1017 1022
30 2571 2601
51 1059 1113
72 1918 1996
95 1051 1147
77 2964 3049
