450
162 665 890
176 700 1172
276 573 1023
245 559 943
23 579 772
95 693 952
189 279 573
264 390 731
124 618 945
174 659 1102
71 681 843
26 601 722
3 179 201
312 638 974
42 455 675
283 600 980
342 308 739
60 272 411
107 221 367
343 255 657
194 648 912
80 467 738
52 256 356
117 279 443
209 660 1005
338 546 1144
215 673 1175
222 641 913
17 563 640
87 489 770
130 637 935
260 545 1014
86 424 719
310 666 1060
1 510 527
68 510 693
1 442 584
208 280 527
71 588 696
237 404 842
301 663 1122
123 616 762
174 464 850
263 392 764
307 519 980
156 598 866
258 277 538
59 239 414
280 687 1042
115 323 576
240 233 528
91 401 563
221 643 1116
160 285 475
147 210 393
137 444 754
296 672 1160
147 557 836
200 468 677
154 469 778
199 539 937
35 507 671
149 246 499
340 576 1054
72 644 830
96 430 654
325 199 607
206 689 1135
250 682 1010
177 648 990
350 649 1066
192 219 430
85 302 392
261 291 675
242 563 993
156 274 491
163 313 573
333 559 991
230 202 505
273 699 1049
248 266 592
258 614 1156
242 492 866
106 443 700
275 385 792
248 375 635
51 344 417
60 634 871
164 468 844
208 238 527
169 657 953
328 348 800
334 351 800
345 573 1068
180 265 523
96 682 988
137 476 622
53 187 262
139 671 1083
314 270 615
54 423 551
64 318 464
49 663 977
15 288 309
82 563 657
117 352 474
233 573 967
333 294 759
80 260 394
210 350 577
79 465 717
300 449 844
310 457 773
112 256 472
303 618 1054
36 497 644
100 379 626
231 301 646
34 185 278
316 234 575
27 262 349
98 359 472
76 322 548
312 657 1121
238 175 494
187 294 578
304 337 754
169 282 505
62 644 874
225 681 1065
347 205 611
264 698 1226
138 555 811
250 491 846
64 685 1009
264 305 682
35 369 443
48 442 637
171 214 459
169 441 660
1 404 551
152 441 674
117 280 404
299 326 657
121 576 750
102 306 414
6 449 483
56 634 884
118 275 394
83 675 859
177 586 1047
341 587 1150
35 421 607
3 346 493
188 202 482
254 675 1021
315 214 618
46 442 598
36 672 968
242 625 990
268 546 920
296 644 986
202 400 666
234 247 583
130 426 706
193 411 772
173 485 677
90 435 651
38 483 748
138 431 586
93 698 871
134 582 920
155 581 901
185 644 994
63 399 614
39 676 924
199 253 528
223 568 907
332 358 703
178 443 751
106 295 476
241 673 1245
28 597 863
70 505 646
277 400 712
229 265 502
342 219 655
35 649 755
54 405 576
210 219 435
258 587 954
310 195 522
309 687 1269
231 295 637
217 525 875
235 181 462
135 405 617
22 502 695
218 292 643
7 267 340
290 242 597
205 652 1127
160 317 607
4 682 895
54 295 389
88 567 767
156 433 768
48 628 691
34 655 1007
196 626 867
304 623 941
131 563 902
136 673 836
215 549 889
189 296 536
225 432 850
72 493 652
155 228 428
192 487 844
302 679 1216
168 554 837
282 507 871
212 230 528
286 370 805
283 581 951
52 647 851
27 348 376
115 184 320
208 406 798
61 641 948
290 322 711
20 195 295
289 281 577
290 602 1108
97 657 766
172 292 570
236 561 831
11 664 822
44 678 850
312 219 541
97 516 643
245 631 925
310 209 548
58 587 655
37 651 698
20 321 466
119 266 464
292 605 925
201 572 799
308 673 1209
258 598 917
29 267 376
63 535 677
203 290 555
182 516 780
227 525 944
112 346 614
117 230 365
205 475 790
341 666 1194
50 641 894
135 606 771
205 227 533
180 652 1158
215 475 713
256 569 1055
312 293 699
47 586 686
102 536 781
132 311 521
172 603 866
144 491 869
66 661 847
308 409 769
254 348 616
1 462 471
309 598 1134
120 500 696
154 371 673
169 260 547
249 493 931
313 557 1078
211 377 716
29 462 534
158 373 596
138 195 343
214 487 853
19 634 745
286 304 740
44 508 588
107 255 454
228 588 940
300 308 749
142 632 947
325 484 981
43 418 653
27 473 536
53 526 656
262 511 793
285 182 531
227 385 663
348 360 791
225 376 732
274 455 835
104 307 434
53 494 568
256 247 621
206 423 836
228 500 832
188 496 783
198 218 474
189 700 1233
19 496 760
241 189 513
57 541 622
94 312 456
326 210 607
112 245 420
168 388 748
15 341 450
37 300 428
279 488 829
59 345 564
89 378 630
274 634 1001
221 220 468
236 530 935
194 604 1029
207 551 959
317 656 1130
348 540 968
242 380 695
299 694 1027
54 649 752
188 528 829
108 607 846
39 338 503
200 242 489
220 395 616
259 292 601
146 492 848
51 202 321
112 179 300
11 642 753
316 688 1166
345 643 1025
283 327 718
130 340 600
49 279 331
273 348 713
33 659 758
198 457 864
304 663 995
32 262 299
85 385 597
228 478 730
313 266 613
163 324 604
45 578 725
288 262 552
94 680 865
139 472 660
109 287 441
308 453 844
121 378 546
146 647 975
158 413 658
119 478 699
256 499 932
122 335 464
178 408 662
347 181 618
36 375 534
297 428 796
38 387 603
167 505 898
134 478 727
253 618 1117
1 232 265
252 404 758
172 358 530
131 639 802
202 409 655
65 528 722
133 585 743
229 502 977
140 615 1003
308 463 815
220 270 544
219 566 1015
99 260 421
85 250 436
117 543 910
87 611 958
139 543 911
108 427 665
139 353 573
246 404 826
332 296 701
119 397 619
146 355 677
57 643 863
216 382 617
143 535 889
251 206 512
89 687 897
293 571 909
340 644 1150
117 473 744
60 313 526
211 246 464
84 217 380
107 177 318
66 599 958
118 204 372
89 678 828
59 426 534
151 392 692
133 521 752
44 405 561
264 258 625
86 507 658
83 463 585
244 212 464
120 627 962
284 570 921
15 347 461
307 344 781
66 589 676
301 636 1144
164 374 697
176 193 414
285 576 899
263 695 1233
106 565 805
207 458 768
63 441 710
12 529 786
149 569 935
316 550 1038
221 234 546
123 387 541
242 362 661
213 351 583
344 521 976
330 407 779
19 608 864
141 687 843
297 261 635
273 580 885
