200 
11 59 80
10 63 91
27 30 61
36 62 118
2 14 20
27 22 57
22 57 80
17 15 32
6 3 11
7 40 54
33 60 107
15 11 26
37 56 106
22 28 58
1 5 6
25 26 53
13 19 33
28 21 60
17 19 39
7 15 26
7 22 29
9 71 81
13 68 93
16 2 23
11 76 107
11 18 33
17 4 26
20 72 108
21 58 99
1 75 87
19 70 98
32 5 40
10 63 83
19 64 95
3 96 112
7 93 110
4 50 66
20 43 76
11 65 89
32 10 43
12 70 87
14 80 117
9 64 89
19 28 52
31 8 42
31 4 44
4 22 26
5 6 12
37 22 63
20 66 108
38 36 75
27 47 80
36 26 63
36 61 116
37 41 91
18 45 64
1 28 36
34 12 52
15 49 69
16 17 35
38 54 106
17 28 46
37 44 90
10 65 93
33 26 67
20 34 66
15 34 52
22 30 63
6 72 84
34 51 104
19 22 44
19 56 92
7 71 78
31 19 60
1 27 33
7 54 73
9 91 102
36 50 106
10 65 89
34 59 112
9 9 22
10 10 25
11 38 59
36 6 42
12 3 17
29 2 32
27 38 79
12 11 29
15 46 76
1 50 62
30 15 50
12 20 32
36 1 37
32 10 44
27 19 56
35 60 117
7 10 20
26 54 91
20 32 52
22 69 98
37 33 71
1 14 19
8 27 35
27 65 109
29 49 81
27 35 76
12 32 54
27 30 60
36 63 122
37 17 64
34 21 65
27 55 90
12 87 112
24 17 49
17 69 87
36 20 56
33 45 78
29 21 55
7 91 122
17 19 41
10 30 47
24 58 88
13 87 110
30 18 59
20 40 67
34 52 102
29 7 42
37 12 60
5 71 76
5 15 24
29 20 60
19 34 56
25 19 55
2 1 4
21 10 37
3 56 74
1 34 37
37 31 76
33 50 99
21 74 97
19 17 40
1 62 77
21 16 44
31 1 39
14 62 79
8 31 44
10 76 103
33 65 111
5 30 38
6 38 55
14 73 99
6 66 87
20 25 49
10 10 22
26 28 62
28 71 102
27 52 94
29 49 88
30 7 41
8 53 76
22 71 116
33 24 61
2 11 15
6 80 91
19 20 49
19 36 59
27 44 73
15 30 45
12 77 94
3 15 22
3 19 22
17 64 90
7 24 37
23 49 78
10 39 51
11 19 38
37 9 46
30 29 67
31 35 75
12 73 99
20 14 39
17 26 51
9 62 78
9 45 65
27 53 96
19 5 28
27 71 116
17 7 28
14 82 105
15 77 109
3 5 8
9 83 109
27 27 59
38 29 70
19 45 71
5 59 70
6 19 25
37 23 75
30 59 106
26 26 61
