150 
23 20 52
6 20 27
23 29 56
5 16 23
28 18 52
11 45 70
12 42 62
7 36 50
5 22 32
17 18 43
16 11 27
7 4 14
7 11 22
24 30 68
3 54 70
8 24 37
15 46 61
24 47 89
19 49 73
27 18 55
27 13 47
28 10 38
4 48 59
7 63 84
17 38 68
1 37 40
5 38 52
25 25 54
23 7 33
10 32 51
26 33 61
22 49 88
26 8 43
4 54 62
3 16 20
27 12 44
18 43 75
9 20 32
2 46 50
3 53 59
15 54 78
17 32 54
13 26 40
6 20 31
16 33 54
5 28 40
3 61 75
20 27 56
6 46 58
26 41 68
14 4 21
11 33 53
3 23 33
7 21 30
7 2 9
8 62 77
4 28 37
16 47 63
20 11 34
22 52 76
23 28 59
28 11 39
6 55 65
22 30 61
3 67 75
24 42 75
11 28 41
16 57 77
20 20 50
7 21 28
20 19 39
23 51 89
15 1 16
8 37 51
28 16 46
24 7 31
10 54 66
21 21 43
7 39 56
3 12 16
25 35 69
28 31 65
11 38 52
19 12 34
28 10 41
3 29 37
24 26 57
6 3 9
12 33 45
2 14 19
11 19 30
16 9 26
9 47 64
19 47 73
5 58 70
16 34 58
5 2 7
8 58 69
2 54 59
22 14 42
14 42 58
2 20 26
27 22 60
19 46 68
25 26 57
27 9 36
8 44 59
27 16 48
8 25 38
1 37 43
25 21 47
8 54 70
24 8 40
10 63 91
21 9 36
13 36 50
8 44 65
3 58 63
22 18 47
2 42 48
27 17 50
16 39 69
10 61 82
10 53 72
5 50 56
15 15 31
13 22 36
2 44 50
10 59 85
11 30 42
12 54 78
11 4 17
23 9 33
5 1 8
19 25 53
25 23 48
18 39 59
16 44 66
18 30 53
20 36 63
28 45 75
24 43 77
22 49 72
10 36 46
26 10 38
14 7 25
24 27 53
17 53 75
28 46 81
9 22 34
