250
351 740 1443
283 430 831
306 584 1012
391 640 1224
152 453 616
125 752 1209
132 655 1112
85 554 847
285 689 1059
92 722 1112
365 517 1136
21 403 470
65 465 616
158 319 572
23 497 605
379 351 755
173 663 936
135 792 995
379 213 664
206 206 463
131 424 650
339 693 1267
391 618 1170
68 544 747
32 411 492
394 750 1452
112 720 859
36 523 726
29 713 1030
1 503 667
57 654 795
210 546 901
263 282 635
109 355 489
205 642 1003
200 468 870
170 309 526
323 441 984
145 551 748
107 795 1075
262 562 946
173 482 769
66 655 949
58 409 572
122 468 740
179 725 946
129 512 749
212 385 620
15 224 286
389 452 875
43 640 815
269 380 802
233 255 495
396 780 1563
67 679 762
282 378 677
349 533 1049
305 800 1311
398 344 868
379 227 610
199 401 708
26 351 531
64 743 855
290 680 1298
66 668 861
165 409 657
41 312 494
78 371 458
304 634 1083
205 743 1309
241 608 1011
97 703 1077
152 502 737
131 751 1100
64 368 562
9 313 333
173 298 507
231 332 676
230 528 851
8 315 469
268 418 892
335 472 915
126 568 716
134 694 1001
350 243 708
356 651 1090
306 643 1165
64 706 1102
12 642 862
103 285 446
371 582 1086
158 731 1138
266 284 614
88 470 651
196 776 1097
80 799 1161
192 796 1292
314 429 907
16 529 749
316 221 616
210 723 1169
152 281 479
303 582 922
376 272 744
19 215 330
388 255 733
133 295 449
82 666 919
16 778 1176
314 719 1365
346 411 960
14 440 602
47 486 649
83 363 553
79 564 792
346 449 998
399 751 1174
175 416 739
148 552 853
9 763 845
165 734 1238
351 479 936
105 472 801
292 767 1087
370 757 1383
360 351 744
272 433 813
45 379 518
314 742 1092
73 238 342
242 408 850
77 522 847
272 600 1124
130 773 958
295 548 856
374 605 999
195 338 583
70 327 473
258 387 723
363 628 1057
183 714 1030
197 390 602
117 292 504
181 637 971
252 343 694
91 485 740
183 361 551
243 734 1046
363 608 1083
169 796 1160
274 264 577
211 637 1163
127 476 640
230 460 788
310 416 903
136 285 550
389 585 1164
287 254 573
114 736 1207
373 459 1046
69 448 531
8 485 569
159 727 972
188 500 876
31 547 814
381 460 985
180 299 583
57 518 764
337 380 800
273 343 648
16 612 904
352 649 1005
232 392 710
116 782 1257
77 627 829
110 496 704
313 505 953
344 688 1194
335 530 984
354 427 819
399 232 684
204 567 996
147 229 476
353 774 1495
291 419 811
254 238 601
132 539 751
265 475 751
109 689 896
367 546 949
244 779 1371
35 228 320
148 220 388
366 712 1097
203 285 505
300 446 771
378 232 681
154 359 607
246 261 587
301 256 594
89 613 980
96 576 777
115 273 509
201 509 908
150 789 964
273 658 1113
308 743 1277
298 739 1343
10 460 655
17 705 1030
377 751 1334
120 517 879
261 296 638
271 588 997
151 451 608
223 635 975
112 542 716
129 365 620
114 202 385
279 671 1038
314 635 1176
176 265 441
305 459 965
147 342 578
358 518 985
60 312 517
256 517 828
246 466 850
27 412 590
223 542 835
390 407 862
112 240 458
295 574 981
296 733 1372
358 324 781
190 598 922
187 561 976
376 435 828
108 584 891
378 437 1001
346 391 931
352 751 1475
78 282 369
300 684 1195
258 581 925
10 208 272
397 361 899
14 745 1057
73 410 540
25 376 422
