200
380 2854 3467
34 3792 4414
124 4290 4751
684 3861 5003
161 198 383
476 1729 2435
490 230 862
42 3416 3732
229 399 629
508 4644 5552
584 2474 3228
679 2135 2998
15 704 745
324 3401 3776
320 321 762
124 328 514
752 618 1601
628 3448 4113
783 4523 5491
514 4140 4920
86 4251 5167
154 332 492
472 2326 2825
163 1585 2036
381 3001 3407
85 4301 4392
71 397 469
465 2012 2522
162 4522 5432
621 747 1570
413 4621 5066
406 1783 2466
309 4360 5212
76 1962 2240
405 3655 4579
491 2105 3054
7 1065 1092
285 2232 2553
120 1734 2217
33 1139 1288
97 2888 3106
104 3128 3492
318 2502 2930
44 1801 1988
447 2271 2976
738 3698 4446
372 1771 2184
789 4668 5762
721 2573 3505
9 1192 1321
289 1297 1896
262 2475 3148
720 9 739
35 4137 4417
604 571 1371
402 1117 1574
727 1547 2394
277 4432 5625
689 261 1062
519 1458 2303
53 3962 4691
205 4420 5523
469 544 1045
38 4599 5457
203 3825 4390
414 4719 5909
82 2164 2447
354 4129 5283
15 1848 2203
744 3442 4808
576 2104 2772
596 3475 4816
343 391 790
542 4084 5368
6 555 633
73 3981 4816
299 4168 5232
518 2728 3301
220 3459 3929
166 4129 4531
464 1149 1922
302 3528 3831
743 3469 4877
583 3573 4210
707 1654 2747
264 4596 5072
298 2003 2432
683 480 1193
185 3215 3615
233 1074 1552
442 262 836
93 3790 4486
542 246 846
645 810 1563
775 2568 3738
251 3144 3597
405 4677 5828
630 1684 2720
447 3720 4616
634 2437 3075
587 3039 4260
732 2378 3552
595 566 1224
557 679 1482
58 3741 4415
372 428 821
257 1474 2040
83 4106 4683
498 825 1482
615 2665 3818
515 3802 4972
472 720 1250
454 2686 3660
694 1297 2370
234 3274 3537
255 4432 5097
767 1370 2255
233 2612 2896
237 3327 4247
95 4656 4957
281 910 1383
355 3182 3580
317 2913 3678
141 228 407
560 3854 5255
643 4272 5084
250 1919 2473
152 84 245
757 3705 4970
359 932 1421
537 4119 5220
263 2194 2694
747 553 1538
499 4612 6050
570 3284 3966
632 3501 4239
92 3877 4135
784 2893 4244
732 183 975
454 716 1179
696 2456 3518
148 3906 4069
575 2111 2774
302 2077 2494
484 1475 2109
131 2986 3510
71 354 474
750 2328 3161
628 3506 4367
306 2282 2933
610 4339 5770
794 3083 3992
106 4083 4889
454 2438 3332
622 3004 4075
553 1887 2691
201 1813 2387
316 4760 5464
79 2060 2322
218 4460 5468
292 164 459
144 1632 2070
132 844 1166
740 4612 5827
487 3717 4917
418 3846 4914
499 1173 1991
92 2727 3164
33 663 730
351 4476 5232
798 3551 4693
300 2479 2883
77 2918 3232
591 4015 5182
557 4062 5225
254 1911 2364
440 2252 3211
797 2182 3064
537 4269 5207
269 3830 4282
15 2488 2999
334 2532 3215
251 1430 1904
207 4371 4963
76 735 856
254 455 800
64 1394 1632
638 1573 2318
246 1220 1537
196 3023 3338
500 2350 3196
507 1180 1989
243 368 680
53 112 170
395 4270 5513
277 2668 3220
674 2724 4018
420 63 542
793 3641 4858
468 3783 4596
