50
37 431 590
129 341 558
9 477 487
238 218 503
139 224 451
112 287 528
72 277 388
121 217 383
107 486 694
82 459 645
140 275 452
86 464 757
232 229 574
17 399 430
237 389 646
140 232 379
69 411 627
131 500 733
249 339 724
204 387 772
1 446 497
36 223 300
237 368 633
29 434 546
67 403 499
228 422 809
220 246 483
181 293 539
13 404 599
175 335 610
50 257 430
237 480 879
50 371 434
93 182 365
10 230 245
246 453 881
7 127 172
99 213 325
244 480 830
1 279 285
133 127 296
22 431 566
35 153 222
71 250 376
121 204 405
187 327 558
162 187 390
39 435 584
174 195 381
227 479 738
