100
26 44 73
336 467 824
50 907 1017
2 990 1058
16 899 937
108 1055 1170
192 877 1148
44 15 67
397 144 611
209 837 1117
374 958 1474
56 74 138
205 33 244
369 1063 1560
105 616 763
370 1057 1649
66 949 1067
193 617 908
257 377 711
113 929 1236
261 798 1151
44 972 1111
233 508 762
166 591 811
207 903 1216
70 98 197
274 295 672
22 1136 1346
276 404 700
328 814 1273
340 1167 1637
137 850 1135
126 1144 1507
67 947 1086
105 657 846
90 567 659
187 531 834
182 1111 1485
82 810 946
19 989 1043
41 408 530
304 35 368
171 556 763
97 1093 1193
112 449 620
350 857 1445
125 663 847
155 819 1047
196 837 1120
5 1004 1120
328 1135 1524
206 1120 1432
240 125 386
225 104 389
345 85 453
270 509 809
219 506 740
165 1112 1335
158 328 529
20 753 870
149 148 297
183 180 426
274 845 1148
264 316 606
45 731 920
389 174 659
321 769 1184
96 933 1093
313 982 1353
250 933 1219
120 523 769
74 626 832
334 216 636
357 777 1150
338 948 1510
391 942 1342
129 844 973
70 332 409
59 583 740
293 232 602
41 953 994
250 766 1140
377 794 1376
375 1111 1654
308 368 743
371 307 754
321 528 915
60 631 786
144 7 159
47 325 427
7 1183 1392
351 619 983
269 421 692
277 1161 1720
67 869 1098
4 74 90
149 1070 1426
323 165 571
144 386 587
303 675 1038
