350
326 186 544
349 668 1046
189 316 635
150 650 978
138 213 414
47 242 348
38 390 597
62 685 859
286 188 498
243 455 819
309 511 929
150 368 674
243 404 834
75 512 649
4 519 650
220 439 806
339 604 1192
142 190 338
59 585 936
152 448 779
151 494 847
85 435 736
143 422 586
238 245 501
307 686 1293
146 261 524
200 323 555
350 308 711
186 385 647
234 485 795
215 496 859
11 310 341
78 641 807
315 244 613
321 596 1015
118 588 777
124 315 517
258 398 805
331 591 979
202 311 668
259 444 864
80 242 439
145 671 916
301 374 816
12 259 356
215 447 785
92 359 573
35 432 666
215 644 1123
264 442 752
247 495 765
16 257 333
88 592 818
123 493 782
223 594 1067
122 285 460
30 384 545
68 386 454
76 339 531
200 237 527
29 677 785
21 459 610
209 391 635
163 663 907
189 374 747
121 400 630
176 256 543
57 566 876
21 384 576
170 698 1139
151 341 592
301 601 904
334 279 616
25 309 397
182 415 781
112 531 827
136 506 825
38 241 357
175 607 787
23 197 239
203 666 1122
4 614 812
82 458 651
137 458 675
159 700 1163
107 266 377
220 350 628
258 575 1119
64 643 813
38 335 435
68 651 1017
241 494 964
23 252 378
249 334 597
337 424 945
199 255 481
164 517 726
268 518 929
323 630 1267
207 450 775
252 407 806
139 241 396
170 234 476
333 600 1027
276 386 805
156 183 375
344 343 700
114 626 751
90 376 544
345 644 1089
86 458 608
45 305 405
135 428 610
17 324 443
147 548 875
268 178 515
48 233 389
174 424 761
39 367 478
207 559 932
308 373 750
197 506 921
77 468 659
253 516 866
33 631 797
139 591 855
207 507 818
168 351 653
73 574 715
280 554 842
34 610 691
118 388 661
210 585 918
29 549 711
26 548 641
45 530 693
262 454 762
269 441 852
330 674 1023
153 205 415
196 614 869
303 424 777
79 591 855
161 373 683
67 620 693
246 543 842
230 563 795
66 376 621
118 373 586
246 443 864
25 669 798
223 186 446
289 503 922
213 383 726
42 469 709
183 525 808
21 196 314
337 206 601
17 260 300
47 305 356
339 338 792
192 551 890
245 637 1073
230 372 725
238 667 1061
30 377 430
207 374 689
168 450 767
88 271 373
314 607 1023
277 383 794
28 471 597
131 449 667
252 573 995
37 691 760
256 661 1154
146 274 431
177 587 859
51 410 593
177 615 857
15 215 317
78 196 304
142 521 919
184 477 709
323 572 1069
2 228 299
292 578 1069
247 609 1117
218 641 904
71 407 673
7 176 243
175 260 472
60 587 821
84 660 917
102 224 356
40 359 410
332 221 635
322 285 689
233 463 808
93 201 346
39 674 762
99 521 866
276 655 1078
97 405 527
88 581 717
114 187 356
45 179 278
85 335 555
299 291 602
306 411 745
342 315 707
171 693 894
67 661 767
251 353 622
149 239 487
226 258 547
95 233 364
83 654 1039
103 208 385
308 202 533
187 621 1055
192 226 477
57 196 271
306 418 917
209 432 648
299 584 1143
13 694 935
70 248 371
73 451 617
241 385 676
276 593 949
253 487 979
296 685 1119
283 341 687
103 228 343
37 193 280
16 181 239
125 385 594
327 217 647
254 417 783
322 385 829
299 426 920
191 516 770
118 362 564
267 484 786
88 413 587
263 624 1135
321 523 1056
136 623 821
281 305 596
220 608 1117
250 398 812
320 591 1064
152 316 477
286 517 813
325 198 534
273 632 959
247 430 847
213 275 489
325 259 692
150 420 676
50 320 374
259 176 507
259 622 992
257 319 714
2 435 501
126 573 767
16 455 640
277 667 989
87 598 965
54 593 889
71 663 887
104 407 563
283 362 687
95 298 534
348 562 1012
37 656 740
68 585 828
110 588 859
27 444 655
111 289 452
312 479 848
275 326 681
226 252 532
65 470 692
136 530 814
147 402 675
32 268 356
140 181 371
64 543 834
196 307 569
56 302 399
50 477 561
192 225 468
107 505 750
87 450 580
194 188 386
175 663 1001
327 629 1245
235 301 658
25 384 490
180 514 783
306 365 797
23 587 824
53 254 388
200 386 762
278 284 639
30 527 703
277 194 567
81 527 747
142 467 706
298 318 630
48 569 720
54 573 732
263 662 932
39 644 900
212 219 524
253 288 606
17 196 253
70 288 493
190 543 860
115 297 544
112 433 684
45 643 954
67 176 248
90 684 874
247 216 497
221 273 573
180 278 544
14 509 688
283 353 732
130 545 919
154 429 687
180 564 790
27 418 445
97 304 412
10 686 889
322 386 883
128 379 516
3 671 945
15 240 311
155 578 924
156 203 440
318 539 913
223 347 685
254 237 591
304 308 729
310 495 998
223 412 705
87 191 298
