300
554 6498 7195
995 7888 9135
454 2865 3490
770 4824 5656
699 7858 9639
1183 2157 3663
35 9418 10011
961 6627 8144
244 5212 5863
478 2791 3543
348 305 765
844 852 1858
396 4744 5312
875 2354 3262
210 10936 11418
228 8184 8761
209 8920 9147
1060 10947 13234
105 5665 6749
512 9628 10932
181 10453 10996
494 8169 10029
1152 1779 3149
805 1826 2703
886 3470 4530
555 6887 7859
730 5242 6125
985 1760 3233
932 6732 8721
1002 9213 11644
800 2104 2970
372 322 789
1170 5817 7342
1061 1705 3175
439 1067 1648
1100 4602 5997
1092 467 1723
322 2118 2710
1078 2508 3914
365 1882 2644
556 10377 10961
16 8071 9037
106 7450 8705
683 7929 9259
653 10563 12508
202 416 675
128 178 360
1101 6620 8923
522 6306 6889
1119 10604 12851
1179 3058 4511
406 8003 9283
968 9720 12670
624 10860 12418
993 2420 3774
1025 7082 8156
873 7402 8934
476 4390 5812
834 4672 5862
978 9816 11432
198 3929 4610
74 3430 3887
200 6737 7429
213 1561 2109
566 292 914
1013 6351 7976
882 4905 6435
197 1728 2253
936 8975 11515
879 8537 10395
858 1269 2149
187 10273 11214
1030 2155 3610
931 4393 5708
853 294 1278
604 8492 9483
463 4365 5446
177 1852 2228
798 3790 4754
436 7036 8129
617 1912 2673
764 9799 10769
217 4628 4863
93 10401 12134
917 1105 2082
333 7593 9472
18 2205 2269
1045 5309 6834
440 4906 6004
340 6035 6432
836 6422 7839
499 3708 4282
811 10194 13155
559 3365 4571
610 10415 11898
1181 3144 4760
819 4424 5673
964 1209 2371
477 3718 4733
155 2034 2498
517 10054 10617
542 10911 12074
439 5788 7153
489 5622 6469
1199 6949 8253
952 7521 9572
416 653 1180
193 4997 5640
986 9685 11114
925 9587 10956
1025 4858 6061
564 8688 10373
802 332 1328
474 7586 8071
777 5332 6268
423 3268 4054
753 3101 4598
13 6638 7645
1071 7239 9882
27 2791 3225
495 723 1243
1178 2060 3630
785 7371 8990
549 4554 5624
663 10092 11177
80 4989 5912
147 1346 1503
863 1001 2146
549 7165 7790
216 5668 7003
642 10555 12130
410 6832 7434
22 5788 6633
105 6869 8193
823 3262 4128
12 6658 7945
1074 10269 12644
143 2569 2738
874 4163 5453
523 8791 9946
127 7062 7845
1111 3820 5701
549 10454 12343
413 9889 11290
907 10052 11048
280 6260 7534
1044 2946 4660
832 4875 5867
1149 7607 9538
251 3425 3925
837 7229 8410
581 4317 5352
336 6731 7940
598 460 1111
592 8435 10226
341 902 1390
643 5415 6928
671 3547 4961
264 8780 10845
316 10095 11987
710 9955 12399
960 10426 13341
740 7788 8670
200 876 1261
55 9212 10637
54 3741 4059
655 5534 6842
7 948 1082
469 5091 6625
1070 5912 7676
271 9374 10814
613 3704 5036
921 4446 5626
776 7049 8070
1010 8438 11184
130 4502 4953
17 2066 2391
416 8882 10357
296 9241 10478
445 6655 7514
159 10110 11908
1185 7020 9113
1148 285 1660
577 3681 4864
107 4314 5007
990 3618 4780
182 384 644
576 10968 13052
657 4441 5222
1124 5180 6736
675 4991 6384
723 7404 9516
340 8672 9704
485 5451 6659
229 2714 3500
147 9379 10089
790 7830 9328
820 4334 5379
245 1422 1826
331 8458 9295
612 2911 3796
944 6584 7865
167 8146 9858
941 271 1259
288 2570 2995
600 10587 12034
1100 6008 7298
850 3301 4596
42 8682 9175
850 3982 5045
432 5073 6310
855 2796 4015
806 5188 6633
882 2705 3892
557 5313 6757
878 10223 12893
402 2247 2687
913 2303 3401
990 7494 10060
1067 2439 4130
294 10411 12767
542 803 1381
325 7495 8490
76 4028 4606
96 9045 10746
124 3132 3556
763 2331 3188
268 7089 7724
1127 3275 4890
20 9842 10332
319 10252 11263
872 56 947
404 3938 4521
181 1543 1947
1085 9778 12803
40 3430 4029
417 1068 1719
196 10622 11486
622 8661 10411
624 5407 6904
943 7399 9286
137 10642 12115
290 9253 10867
747 134 1017
16 8853 9606
818 7081 8546
52 7128 8300
440 10214 11408
1191 2630 3969
368 860 1265
25 8382 9705
1060 9304 10904
283 203 489
579 7326 8216
526 1172 1986
868 10189 12519
445 5581 6739
137 899 1232
1167 1407 2612
675 5647 6542
212 10665 12764
1124 6142 8468
1147 3594 5554
1193 1577 2830
419 1647 2154
66 4098 4453
996 4303 5541
700 6818 7612
370 6927 7729
247 7876 9380
523 1938 2558
235 6307 6836
693 9704 11565
280 7887 8730
923 4217 5331
731 1217 2282
810 2132 3332
36 9596 11480
1075 5109 6947
531 7764 8965
853 9171 10163
580 1683 2698
136 9444 10976
142 4330 5244
426 10448 10973
1196 492 2021
245 625 871
218 1510 2054
519 5214 6104
279 4196 4871
110 1299 1613
1017 6044 7295
639 1810 2476
267 1196 1678
923 9524 11194
857 4340 5525
934 3749 5451
1016 7686 10378
771 2508 3451
144 2355 2835
