50
28 153 211
146 3 155
64 241 319
57 318 385
129 18 173
154 246 454
162 54 223
167 195 386
104 199 355
181 206 392
145 98 265
190 26 256
154 190 373
59 289 361
181 305 563
35 208 257
19 232 269
5 114 127
45 192 273
61 114 204
106 40 160
192 167 404
36 124 170
56 231 322
87 86 183
27 130 182
114 261 400
152 260 442
65 269 347
8 305 328
163 254 476
177 247 457
3 28 35
101 70 180
147 104 264
67 218 293
50 312 424
199 31 263
55 34 95
93 254 366
145 239 388
2 109 120
181 220 428
117 58 199
153 64 254
44 243 307
180 214 447
122 71 207
112 156 282
114 43 185
