150
9 41 51
26 263 291
18 25 46
8 225 235
6 352 359
15 119 137
17 352 371
24 206 230
1 7 8
26 324 352
33 53 91
20 150 170
12 318 332
7 64 72
29 339 372
19 144 165
12 325 338
7 196 203
32 315 354
6 280 286
6 183 189
6 197 204
4 310 314
29 41 70
15 119 134
24 312 339
3 267 270
28 24 56
12 240 254
6 11 17
3 287 290
23 175 200
9 273 284
33 252 293
10 112 122
2 287 289
24 123 151
22 83 105
27 31 59
25 152 182
33 348 385
12 7 19
26 318 346
7 255 262
6 119 125
22 49 76
18 303 324
21 344 368
25 297 328
7 314 321
25 219 250
21 351 377
6 69 75
25 166 191
25 129 160
23 240 267
35 275 312
26 80 107
22 328 352
20 25 48
11 28 40
27 77 105
9 273 282
19 140 161
4 270 275
28 338 366
5 196 202
15 10 27
29 284 318
27 185 216
4 322 326
32 348 386
24 149 178
8 75 85
11 293 305
13 310 325
35 281 317
13 183 197
33 343 382
24 114 139
10 25 35
2 218 220
24 224 250
2 110 112
34 157 191
9 220 229
20 132 157
34 238 274
37 347 392
34 203 241
29 325 360
9 323 332
16 160 176
1 284 285
20 166 190
22 45 69
18 9 27
30 294 325
4 47 52
16 312 332
36 69 109
20 256 276
25 85 114
15 21 37
21 178 200
3 30 33
24 182 210
15 221 237
17 134 153
11 179 190
30 108 138
32 164 196
18 53 73
6 352 358
3 64 67
31 103 134
4 17 22
30 331 361
34 255 291
1 310 311
5 147 153
24 38 63
33 145 181
24 330 359
21 208 234
31 192 224
20 94 114
16 192 210
24 33 59
29 207 236
30 267 303
5 123 129
14 14 29
10 62 72
20 253 277
34 231 272
21 182 207
17 66 86
34 131 172
37 271 314
37 79 124
25 277 308
28 265 299
7 342 350
33 133 169
20 314 337
33 242 278
15 69 86
10 226 238
15 210 227
