500
624 25294 27583
462 1301 1958
199 25967 28870
1140 25755 30255
424 19375 21979
1552 6909 8641
1001 5432 6539
1483 2313 4379
1428 2970 4481
43 14144 14487
637 20073 23137
1169 14396 15737
955 4413 6430
153 3740 4570
818 24460 28316
211 3206 4053
1135 12165 14463
718 16074 19771
1584 15282 18702
411 6148 7223
1670 26077 29587
1319 22942 24335
1559 2946 5131
225 13500 14396
1607 5719 8750
479 1250 1815
768 14714 17605
1258 18082 20656
618 30522 34576
1862 6872 10234
1769 11002 13365
1808 12907 14715
81 1768 2082
696 8804 10100
1382 2214 3736
1700 21212 25938
126 13805 14019
854 7819 9199
1743 29368 34156
1687 12634 16186
1560 18342 22972
1597 21937 25296
277 8306 8649
669 28800 32052
1194 5751 8210
1484 28161 33641
834 27183 33301
1626 26418 31342
789 17470 20237
1098 6993 8239
992 20779 24081
1269 12053 15351
1513 25629 31159
1358 6407 9230
1392 22898 27447
568 19608 21818
1850 28603 36347
1086 25631 26739
1717 138 2157
1188 18680 20108
521 7799 8830
549 1142 1792
1629 19326 21218
1145 4033 6154
543 17723 19888
1350 5508 7588
161 23412 27694
1487 10030 12993
1800 19957 23595
1875 19347 25193
845 21515 24366
798 20635 23092
345 23356 24771
870 25274 27746
924 15578 18475
644 12162 12910
926 3957 4940
720 2624 3632
424 22372 26471
304 17843 19962
1591 2578 4813
1664 19825 22878
1257 6537 9019
1481 3297 5661
868 1506 2553
1144 25930 28059
354 14785 17191
433 23331 26021
1864 14318 16188
814 11261 12953
921 8085 10542
653 16933 20738
1940 1428 3748
1844 14296 18237
429 11912 13281
1326 10719 12614
1698 17372 19822
1683 5304 7585
1883 29968 33164
1195 9372 12646
200 111 326
1730 1271 3549
1359 30171 37101
1648 11191 15150
953 18196 21384
242 4131 4533
756 24022 26221
689 22523 24118
455 30032 33526
135 15609 17531
997 13718 14765
1286 9315 11979
1226 26943 30710
68 7784 8949
1174 18214 23083
478 6984 8405
1318 14427 17128
1964 23677 28678
1960 18152 21910
1333 785 2135
1001 24881 27135
605 7355 8958
1683 10859 12832
944 31070 33969
1525 30058 36305
1286 27740 32950
1807 7172 10702
213 22922 26298
962 21179 23000
1201 24936 26687
105 5670 5997
241 2004 2310
477 1818 2428
27 7717 8813
1229 11163 13339
1995 16634 21309
907 9110 11301
378 15326 18486
854 27119 33508
1442 17537 20809
1285 16984 20561
1478 19242 24099
1981 17443 20279
1339 16268 20258
1016 9940 11416
1008 30455 36822
145 26425 28914
729 22865 26077
1712 10711 12978
454 11214 12810
379 10765 12139
354 19028 22889
1611 2234 4055
570 24523 28859
1370 30024 33862
1456 9952 11654
1724 8219 10183
1396 11736 14335
42 4259 4947
652 17756 21689
1224 11838 15121
433 17177 20430
239 14657 16844
856 19272 20550
1144 5456 7301
72 21140 24517
768 14982 18812
852 24426 29231
1882 15692 20689
1583 17090 21740
1337 4290 6195
202 8739 10683
418 31008 35346
624 24168 25564
158 23571 23954
136 15492 18305
596 20489 22822
1414 19730 23784
169 23726 26681
580 24052 27524
624 4898 6519
264 1106 1468
1429 2422 4377
155 5632 6384
451 6220 7625
1669 28957 32480
52 15521 16431
183 21812 26210
858 22866 25149
475 10647 11767
767 30260 32903
1258 26350 31724
1780 25140 29242
1584 30952 34783
351 26327 28196
1211 8340 10159
1728 12695 14885
1480 27374 29994
1748 27272 29999
1062 25496 28047
1694 506 2593
1210 5714 7573
1410 7400 9163
106 29820 29934
207 10476 11728
948 8784 11195
1469 15707 19408
1390 29078 30570
176 26086 29188
1380 13677 15166
1649 871 2656
46 19233 21320
1733 26624 29069
1006 25844 27089
751 8996 10629
1618 5068 7263
1552 8952 12195
1270 2794 4161
697 10081 11719
243 3236 3753
1769 27339 34438
1281 23277 28033
1433 14509 18030
1359 2235 4184
144 12689 13361
1463 11606 14317
392 22021 25690
1464 22096 27565
953 6099 7092
1754 21737 24565
1686 6494 8532
185 14244 16993
1837 4984 7740
15 7913 8397
1511 2425 4525
1455 12385 14307
1787 19709 25639
1429 6341 8769
1576 16236 18543
661 11613 13473
1153 20909 23916
795 24837 29166
1186 10491 13756
818 8032 8912
161 18429 18940
1987 20668 24513
268 22773 23330
1931 28806 32395
679 14290 17873
331 19461 19827
1405 31330 33428
741 351 1108
1134 16438 19404
1685 30552 32993
1143 25842 29432
894 29400 34174
22 5090 6057
325 8112 9179
296 28455 31260
370 17963 19127
1343 13553 15087
1398 29618 33234
138 28939 33637
992 31339 33620
837 7786 9405
1284 6905 9265
1987 15902 20252
174 18499 19918
93 25679 28808
405 26034 30012
701 8856 11219
1333 23175 27072
1456 24981 26865
1478 13614 17697
107 3353 3911
295 168 477
1878 29028 32771
1731 11786 15954
298 14281 17349
1993 27900 35262
163 21429 21799
230 7672 9066
252 6685 7387
30 16503 19099
1629 23460 29603
168 16468 19182
661 1255 2013
737 25598 28379
566 9048 9916
576 2910 4156
1067 29374 32793
1965 3661 6372
288 27171 31333
598 27082 27898
909 4198 5337
371 14975 17237
1927 21051 26472
1698 30121 33500
1687 9359 11908
1228 22159 24707
1267 13291 15493
268 24270 26661
277 5476 6597
629 14323 15360
55 30646 32791
1961 27642 32326
1891 9025 11948
1905 22045 27900
363 11875 14329
31 8431 9468
1874 15311 19119
694 27080 28681
1690 27030 33798
768 13252 15536
1525 15436 17342
1471 18694 20648
508 15095 18252
680 21812 26635
1060 6280 7634
890 5894 7192
884 23997 26861
124 11591 13569
678 7909 9768
1768 11704 15471
1708 12934 16635
653 25443 28288
468 28384 31558
341 16105 17374
1302 31193 36841
841 15318 16368
555 28813 32553
1760 7971 10581
1382 8797 10830
1380 6458 9215
1368 30600 37086
1623 1086 2904
1814 6589 8453
380 30678 34397
586 11324 12973
1354 22831 27217
51 9102 10504
869 20237 22121
976 18616 20193
1029 15349 16695
247 16248 18650
510 20659 22354
932 10197 12219
1337 30261 36034
899 12895 14938
77 24791 25265
1248 26592 28115
1771 8060 11230
179 4022 4211
1809 4115 6471
1432 2938 4858
485 17871 21496
104 29527 30175
396 3582 4060
1428 16979 18736
431 12366 14597
1637 21399 25631
1342 18306 23492
632 18871 22600
847 22903 27822
366 8360 9259
66 25295 26681
621 23046 26365
1662 3722 6014
705 22602 27762
1585 1094 2960
1093 8150 9985
125 20724 21905
1683 6790 8554
1246 1066 2657
1610 24030 27941
1841 2090 4665
1094 25071 28869
430 15758 19234
415 1216 1729
1053 3152 4475
413 29616 30081
622 25523 30468
200 6312 7134
1903 12150 16236
114 20004 20899
1649 9076 11600
1056 10734 13644
246 29041 29292
1502 22867 28530
383 3597 4629
387 2169 2889
1915 12217 16151
226 640 927
1374 22773 25777
1968 20852 26705
347 7324 8903
525 5439 6901
1955 19631 22227
744 26838 32256
1590 2443 4716
1863 18872 22952
1736 27172 32787
1929 27053 29611
1599 12572 15647
1474 17538 20496
61 22503 23265
725 18685 21009
1080 17154 18480
1837 20145 25718
419 15805 16259
72 28227 28607
280 16147 18738
261 6695 7247
178 18896 19902
1082 15703 18214
348 28268 30721
756 29838 35203
1255 25987 28108
932 7343 9226
167 20837 21049
1266 23632 26534
1697 23387 29586
863 25857 26951
905 10880 13235
1544 13850 16733
362 11719 12188
1131 10470 12102
551 24711 25885
987 9571 10638
1999 12425 17265
1836 24275 26877
587 18438 21579
1623 24100 29729
284 29681 32499
1964 9688 12166
734 7434 9321
1902 2413 4619
608 4236 5481
1748 11685 13478
1410 30277 35650
309 15491 17366
1522 14526 16433
584 16818 18966
1624 13921 15901
1740 27740 33746
1737 2254 4022
1021 15924 18496
765 5764 7738
496 28896 31362
1202 7109 8400
1206 10323 13622
1612 22488 24207
1490 25071 27357
943 2587 3823
309 14442 17201
559 29357 33310
1117 14533 17071
1608 15814 19716
1338 13329 14942
1958 3875 6648
1902 8502 12118
1942 1598 3724
249 26254 29879
176 20627 21139
638 22863 24555
1426 4108 6155
783 15783 17152
330 29469 34821
1638 3601 5885
1313 23144 27013
1543 22304 25530
1837 27761 31496
439 14284 17045
1042 27241 32276
978 2140 3123
1968 12158 16711
1109 8768 11762
989 21142 22728
702 19293 23686
1432 16901 18395
1957 14331 16912
854 24695 27766
130 9648 10952
237 26800 29119
486 28494 29628
1840 7672 10747
418 30096 31244
714 22963 26356
1688 14781 19706
1563 6804 9353
352 19924 21634
1433 20500 23361
1952 14544 18463
1420 2150 4023
1674 10448 12352
329 24673 26061
1054 26396 32328
455 9171 11358
480 99 593
1532 20831 22782
