250
22 40 65
34 721 762
12 775 790
54 799 858
21 934 955
9 299 310
51 723 783
47 721 776
3 799 802
26 898 926
26 329 361
4 433 437
14 677 692
27 391 423
47 342 397
21 158 182
4 337 342
50 95 146
46 461 507
21 505 530
16 473 489
26 626 653
26 221 247
54 525 587
18 894 913
18 23 45
50 433 485
29 688 720
22 938 961
7 151 158
30 304 334
30 179 210
4 783 787
46 307 355
5 600 606
32 242 274
10 133 143
47 770 828
55 725 788
27 643 676
4 252 256
57 281 351
34 35 76
31 316 349
42 720 763
20 163 184
4 829 834
41 624 668
24 689 713
39 722 766
55 20 83
20 618 638
41 494 542
52 339 397
14 724 741
48 201 259
29 729 759
7 113 121
5 689 695
28 870 903
2 495 497
40 648 691
28 428 456
7 576 584
3 697 700
3 432 435
3 866 869
54 411 471
2 581 583
44 19 68
61 267 335
39 683 728
4 223 228
24 826 856
50 6 62
10 875 886
34 648 682
44 109 156
17 810 827
24 84 113
34 84 126
3 263 266
59 723 784
58 759 829
44 380 433
26 81 111
16 512 531
15 764 780
56 519 577
12 622 636
47 416 468
50 742 800
44 685 737
37 847 890
10 76 86
32 811 847
5 363 369
56 412 469
54 803 861
9 448 458
22 290 316
13 469 482
39 270 315
42 805 854
62 496 572
55 233 296
48 815 863
37 144 189
27 694 721
55 458 523
12 237 249
61 294 362
50 179 229
52 401 457
42 31 76
2 135 137
7 801 809
51 371 430
1 854 855
36 276 319
32 645 684
53 675 729
41 471 514
28 795 830
28 847 877
23 29 54
2 144 146
61 668 743
12 212 225
28 751 785
35 221 258
16 177 197
16 181 200
22 443 467
11 841 853
56 208 271
40 458 504
43 793 838
7 50 57
39 360 401
33 732 768
41 897 943
43 304 354
57 870 933
12 558 572
20 551 571
34 722 762
30 311 344
38 615 661
56 216 284
27 851 884
28 764 796
11 142 155
23 770 798
37 88 125
15 955 971
51 282 340
53 83 148
33 496 535
53 231 293
33 660 700
24 604 634
46 502 559
37 750 787
34 163 198
44 825 878
19 675 696
23 936 960
5 22 27
50 171 224
1 95 96
14 586 601
51 129 187
38 953 992
38 586 632
40 507 557
47 52 101
28 519 547
57 855 921
12 777 791
6 393 400
61 361 427
47 615 669
62 840 903
54 62 122
20 305 328
12 298 311
57 200 258
51 840 892
47 101 151
58 2 65
44 762 813
20 525 546
27 545 576
18 355 377
40 252 301
55 74 139
44 950 1000
24 936 964
7 634 642
36 200 237
9 286 296
17 737 754
50 349 401
32 878 914
55 44 111
53 232 297
9 944 955
60 4 70
58 20 89
30 208 239
3 465 468
54 227 289
22 316 338
34 192 226
47 745 799
6 174 181
4 880 885
7 503 511
44 442 493
3 386 389
58 445 513
54 263 324
27 75 102
18 87 106
45 586 638
3 204 207
1 773 774
60 607 672
43 409 459
32 704 739
32 177 214
1 791 792
50 26 77
16 309 326
19 374 396
5 563 568
15 532 547
7 575 583
30 302 338
16 342 360
28 728 756
26 96 123
28 20 50
28 601 633
17 259 276
8 87 97
10 527 537
59 341 409
56 189 250
