450 
63 137 243
76 128 248
65 132 210
41 90 137
11 72 87
76 83 175
6 73 99
18 58 92
27 13 47
38 109 162
65 108 211
35 85 124
3 121 135
10 209 264
21 153 188
42 92 146
4 83 92
37 167 255
56 120 201
11 93 116
21 6 28
2 21 26
40 179 257
26 15 49
68 87 159
6 103 119
79 12 110
29 65 102
52 54 120
50 54 111
10 32 43
70 149 247
31 104 135
72 143 233
52 86 173
61 14 77
22 25 49
10 64 82
2 201 233
61 91 158
84 24 130
46 66 116
7 183 218
19 69 91
8 153 164
47 155 247
45 131 219
80 54 141
40 36 88
35 109 149
38 133 178
80 22 113
12 84 108
69 100 172
35 75 124
80 139 238
50 2 61
35 65 116
75 56 144
59 117 194
72 125 205
53 97 170
17 91 113
67 143 239
58 28 87
24 58 95
74 35 114
31 145 208
22 177 238
8 49 67
36 133 173
54 151 215
4 156 186
42 137 201
67 86 186
60 39 115
11 135 174
46 164 225
57 156 217
39 147 191
76 19 95
79 41 121
47 3 50
54 54 132
51 119 198
49 104 181
66 123 195
46 36 88
9 82 93
20 65 90
28 24 53
29 63 110
29 94 129
5 143 160
57 101 186
45 15 63
30 87 127
29 193 223
47 60 132
40 137 200
6 126 149
18 117 165
53 163 245
30 117 162
70 80 177
62 79 176
17 205 231
82 86 170
51 37 109
21 180 210
78 41 140
40 180 241
51 137 213
29 149 198
9 2 14
18 84 117
23 34 69
59 110 195
13 24 38
12 25 39
31 128 175
18 128 153
58 164 230
78 18 103
72 102 210
30 43 80
39 88 149
22 77 116
58 134 192
4 174 184
63 46 128
3 78 88
80 59 156
84 137 234
56 114 181
55 101 164
42 55 105
13 108 121
32 118 166
7 125 136
7 52 70
69 88 177
31 8 44
71 72 178
41 110 184
5 166 179
68 32 122
6 182 194
1 13 17
19 138 186
82 119 235
67 137 221
59 33 105
13 103 136
9 71 93
36 11 57
30 108 167
42 61 109
55 93 174
15 95 114
13 55 80
45 149 229
70 67 143
51 95 160
36 127 191
8 216 267
57 160 264
71 34 131
19 190 211
61 135 233
48 86 160
13 174 206
45 147 233
80 46 129
54 111 196
49 153 211
14 69 90
75 106 215
56 9 72
13 153 167
32 38 73
30 98 140
80 73 186
57 50 125
59 107 175
42 119 162
63 144 241
66 4 72
42 168 236
40 152 210
24 37 73
54 102 190
61 54 144
4 194 230
47 55 107
54 14 84
75 26 112
12 121 144
14 206 238
12 198 222
76 79 171
52 79 132
44 146 197
40 88 156
55 123 205
40 8 48
20 105 127
62 44 130
8 18 29
46 22 76
13 44 69
52 171 232
31 120 165
77 144 245
58 96 185
9 16 26
37 147 206
63 74 150
6 43 54
6 142 181
37 178 230
14 51 75
70 104 189
75 80 179
42 88 132
8 144 163
70 47 117
59 10 80
15 126 157
44 51 105
48 101 154
12 87 121
18 136 185
62 59 151
84 109 238
47 74 148
75 90 206
45 22 70
7 154 193
52 70 123
66 63 151
84 87 211
60 123 204
72 5 95
32 57 103
82 62 176
63 122 185
43 159 233
40 175 253
17 78 113
34 128 197
13 86 113
76 146 244
83 141 276
82 6 91
73 33 117
11 187 210
40 87 132
19 74 95
21 145 206
2 113 132
6 76 100
9 160 205
18 117 153
8 41 56
52 170 222
49 14 68
78 18 96
78 126 226
31 40 79
6 198 226
79 22 120
80 44 144
47 139 232
39 104 156
65 51 144
78 114 226
48 126 174
9 25 34
40 2 48
73 111 217
74 147 265
45 91 169
11 184 233
26 13 41
14 156 204
28 129 164
12 19 37
59 56 142
52 76 152
75 122 237
30 116 161
11 107 123
15 130 157
8 61 71
22 19 41
43 148 234
42 134 180
30 3 36
59 67 151
33 75 123
6 209 269
19 177 217
48 7 56
24 75 123
37 100 149
27 97 129
82 97 218
13 198 213
9 213 232
75 113 199
31 176 252
14 132 166
79 140 260
21 177 247
61 93 161
2 104 133
50 26 93
41 33 93
24 17 51
61 81 153
22 104 132
16 2 21
21 202 279
70 93 188
18 140 162
55 169 258
51 151 231
59 107 189
30 99 142
50 115 176
61 83 153
45 105 151
72 134 258
76 133 210
78 14 105
65 144 252
84 53 150
4 55 72
15 133 177
42 47 98
12 47 68
34 13 47
73 114 209
55 55 119
70 103 209
59 137 220
62 128 200
40 136 194
19 4 23
81 91 172
7 189 239
70 5 84
29 7 39
30 150 183
46 44 95
22 81 109
62 134 244
3 66 69
29 125 163
9 197 243
32 163 241
40 160 246
10 167 177
15 195 214
29 84 138
42 44 99
17 196 232
80 122 238
73 46 120
82 7 99
10 56 77
29 75 125
79 42 141
58 58 129
35 15 51
45 19 68
54 9 64
62 86 183
77 87 177
29 62 101
69 20 100
15 116 150
31 17 48
21 89 120
57 134 194
55 122 216
35 188 232
40 159 236
77 77 192
18 20 46
77 139 260
54 139 216
47 10 68
84 72 157
57 18 86
78 9 108
57 52 113
72 30 124
26 64 93
36 114 181
80 17 116
69 148 223
74 84 159
53 147 228
84 110 232
48 140 216
22 39 70
59 28 100
39 78 125
60 29 95
79 23 127
22 195 220
26 175 203
57 84 141
1 59 73
55 42 103
49 132 223
37 154 235
73 94 190
32 24 67
19 130 154
40 36 81
24 60 103
82 120 216
41 161 222
9 39 55
76 5 98
69 1 76
3 8 12
54 26 85
3 68 82
33 51 91
33 59 113
13 74 96
70 46 129
61 77 151
68 49 119
22 79 113
10 18 34
24 108 137
7 185 216
71 52 142
9 212 233
52 124 189
2 47 61
65 133 214
41 93 147
15 13 35
57 52 130
