500 
39 112 151
77 14 93
92 41 147
91 100 213
27 46 77
62 92 184
7 102 114
34 138 203
41 109 183
41 36 85
24 39 68
25 173 245
48 98 158
33 65 115
59 80 141
23 54 81
82 147 276
54 133 212
44 81 154
9 46 58
5 158 166
81 33 143
30 103 157
60 176 279
67 96 198
55 181 289
77 140 247
87 89 199
71 169 242
69 56 127
15 64 83
26 116 151
83 56 159
16 34 61
26 80 120
76 113 191
30 103 142
53 66 143
79 44 137
88 43 158
13 28 51
78 79 177
52 124 209
81 105 227
18 151 171
32 148 208
93 58 173
67 33 101
53 103 170
39 207 287
66 94 186
80 82 192
73 104 204
38 85 130
10 171 200
4 169 214
34 142 195
87 144 271
56 83 150
90 147 295
20 103 128
2 8 11
72 134 208
62 114 216
83 8 99
47 198 296
69 130 235
4 234 279
64 158 266
80 75 171
35 156 225
80 119 206
3 198 216
31 66 118
68 173 250
17 75 97
50 163 238
61 137 224
54 91 147
10 127 153
8 60 75
21 142 170
69 2 80
12 27 42
23 188 211
45 151 234
24 37 63
35 96 143
59 129 210
53 189 290
5 56 68
18 195 241
84 132 260
17 45 71
59 36 96
7 225 240
13 93 120
82 87 201
18 163 215
43 146 215
60 166 283
27 34 69
28 147 194
53 48 125
32 4 40
19 1 20
6 26 35
56 106 166
60 161 247
46 164 218
66 100 192
6 210 250
10 120 133
48 115 197
36 44 84
36 37 81
73 174 274
68 167 247
75 96 177
22 20 44
33 123 173
42 197 245
37 189 234
44 203 266
23 137 169
94 13 108
5 228 262
55 171 245
72 67 147
56 35 91
18 106 124
9 169 197
73 116 202
71 50 136
22 153 219
67 62 133
26 216 248
5 139 170
55 11 73
57 89 177
22 92 131
18 171 208
88 59 159
57 184 274
6 208 267
12 43 57
52 167 274
18 12 35
35 118 173
80 78 195
34 133 189
82 133 242
21 184 225
33 19 60
77 75 183
34 183 271
11 171 224
12 189 223
94 104 241
68 1 85
91 145 287
47 60 108
33 176 242
28 151 190
40 38 87
51 112 165
47 49 116
83 121 218
29 98 150
79 21 110
34 107 170
74 1 88
80 166 282
62 175 282
92 23 128
78 124 244
92 52 179
61 147 228
19 132 155
26 202 237
9 2 13
18 86 121
38 86 143
74 85 178
83 148 281
72 42 122
40 102 164
20 127 176
72 25 113
77 171 264
71 130 218
8 114 143
53 74 146
41 71 136
31 23 55
33 8 48
87 45 159
28 104 158
13 56 80
4 141 161
94 28 142
91 104 244
11 211 231
12 215 249
81 95 191
17 37 66
64 54 137
2 20 22
42 13 65
74 161 273
13 161 216
14 23 37
58 67 125
21 14 39
48 158 231
81 40 149
43 152 231
92 44 167
23 2 26
73 142 231
28 150 199
49 142 193
73 177 286
26 52 95
25 36 61
78 93 185
69 118 220
77 22 124
6 111 131
58 74 136
13 208 272
89 144 272
1 4 6
42 188 270
1 243 282
23 196 231
75 34 109
81 126 210
40 182 261
4 81 93
43 68 115
25 103 142
73 80 191
80 67 172
3 1 5
37 43 94
41 188 249
26 118 179
62 85 160
54 158 261
66 177 257
34 203 273
8 201 245
61 95 165
70 172 270
18 93 119
64 47 112
27 14 45
5 154 171
9 221 256
81 113 243
91 120 247
65 115 196
42 15 67
68 63 159
49 175 242
76 164 283
15 230 262
63 103 183
82 121 241
36 30 73
2 106 110
62 53 135
17 30 47
22 173 234
19 8 33
57 108 179
43 178 250
63 150 228
87 112 238
67 68 136
15 199 243
58 60 118
85 79 167
52 49 111
40 179 228
43 9 56
56 148 212
84 141 275
36 197 238
86 142 261
55 158 215
50 9 64
24 21 54
48 24 88
57 51 125
37 184 247
21 53 85
5 204 246
17 137 173
3 19 27
44 169 223
84 42 150
6 38 53
31 141 188
57 98 185
5 178 185
63 119 194
67 116 228
24 225 300
59 107 205
42 40 92
42 156 204
33 206 275
90 63 178
74 136 250
19 32 52
64 150 258
28 101 152
51 40 113
56 154 214
21 58 97
57 27 86
8 166 198
7 237 261
23 85 122
42 46 108
13 94 120
36 27 70
91 57 155
30 28 63
90 134 237
52 119 177
10 216 277
37 181 228
80 135 234
37 210 252
77 129 246
28 6 43
67 146 265
75 6 93
13 141 165
5 74 83
85 77 175
35 30 78
3 51 61
84 50 147
17 205 259
17 106 150
64 40 128
92 57 155
11 11 25
88 13 110
51 112 202
80 126 228
30 7 38
2 212 238
21 163 192
1 34 35
49 166 237
29 94 154
57 114 175
11 57 84
62 5 72
50 175 240
47 178 255
67 60 128
91 100 230
1 105 114
42 132 210
68 32 122
42 182 276
18 215 246
57 22 79
64 29 97
54 156 215
93 74 169
23 150 176
90 96 205
1 37 48
74 160 251
41 19 62
90 11 114
4 245 276
71 59 149
44 91 151
4 120 127
76 62 144
57 18 83
37 117 188
62 175 265
41 32 75
17 121 138
45 2 52
55 68 131
37 180 244
5 89 105
21 20 51
79 149 263
5 129 165
10 69 94
18 21 45
64 126 212
54 131 197
83 131 236
88 1 96
84 7 101
41 115 176
66 117 209
43 135 219
73 90 194
7 140 173
77 38 136
91 86 185
28 94 136
26 107 154
44 63 115
2 138 155
74 114 235
82 125 244
92 30 147
83 151 292
81 155 258
22 30 55
27 150 195
39 129 209
92 132 252
14 233 296
89 97 228
3 14 17
77 55 138
84 16 102
68 147 259
36 143 210
47 152 236
48 114 182
49 190 249
86 110 214
10 43 62
37 54 97
47 170 263
77 33 119
60 180 245
84 83 194
91 135 261
84 35 134
91 142 234
11 122 134
24 60 88
37 21 63
76 79 188
14 17 39
92 30 149
22 130 158
34 52 87
42 4 47
72 44 126
56 78 138
46 82 157
9 136 154
31 171 250
37 208 274
83 48 149
18 179 211
52 172 247
6 236 299
53 75 152
91 41 136
29 115 179
94 116 219
91 141 268
28 107 139
38 111 159
7 81 101
88 7 105
40 163 236
73 146 233
35 156 214
70 171 287
49 182 277
21 208 261
3 14 18
33 20 63
30 54 85
24 203 230
23 104 145
35 113 155
81 130 223
7 215 254
43 179 272
93 91 213
91 94 221
67 97 179
72 165 279
50 49 119
37 202 263
5 90 110
32 4 36
13 24 46
77 16 94
