350
214 3059 3827
1336 10932 12590
745 6660 8059
979 13264 16638
92 12116 12672
702 3907 5164
1125 14260 15910
443 9397 9841
718 6516 7722
715 10075 11645
357 1120 1754
729 11620 12513
220 7337 8030
1220 5545 8068
1214 4741 6223
108 10425 12602
1080 4704 6025
946 14496 18360
1366 934 2401
1134 3212 4436
488 11326 14017
86 2877 3379
793 8722 10314
485 6103 7117
310 8112 9986
726 13793 14591
1119 14349 15839
1083 2278 3931
1106 9230 10790
768 14793 16393
168 12057 14074
397 13528 14249
636 180 817
1000 1685 2883
515 995 1705
1116 420 1689
478 13709 14642
300 4080 5139
412 4522 4934
936 4090 5410
1324 4538 6122
971 1762 2953
92 9226 9479
831 13391 15028
383 825 1377
732 7111 9382
1155 7399 9994
54 8344 9945
519 6249 7980
751 7930 10154
167 3640 4082
88 3272 3399
1034 2360 4052
134 13890 14631
608 14523 16551
338 3883 4516
1130 14586 17303
776 8190 9543
863 13666 16457
793 7313 9176
315 6179 6764
540 6624 7466
1012 479 1604
657 14343 16788
738 12177 15342
33 4303 5191
1363 12862 16819
267 6912 7350
295 10769 11695
477 6932 8848
1396 6891 9802
1350 14812 16248
636 4796 6265
66 11475 12818
962 6509 7904
22 9230 9504
601 9546 12113
880 7320 9689
617 12466 13613
390 1230 1626
250 14379 16334
1064 1665 2877
877 12657 15998
482 2740 3737
294 2529 2941
686 3265 4289
573 14206 17232
84 2235 2559
666 5021 6161
329 11338 13581
886 8121 9410
148 4234 4879
502 4716 6117
1376 5702 8069
882 3786 5215
1359 428 1903
1113 5574 6850
161 4505 5257
1145 11238 12850
663 3963 5089
1180 4830 6997
1298 4502 6252
1312 16 1388
583 10723 12375
344 764 1161
1353 6950 8894
351 3404 4055
746 12877 14008
811 1015 1999
757 950 2016
296 12051 12358
1056 926 2363
172 10261 10934
633 8933 10378
56 12751 14432
1306 12864 14361
829 6195 7875
51 1013 1079
646 13093 14908
1219 1924 3515
1203 3170 4927
217 13607 15638
353 2111 2855
909 2334 3696
100 1932 2220
872 9717 12208
1138 2229 3842
526 578 1168
56 4860 5896
804 153 1051
214 3142 3877
44 7085 7675
416 3790 4455
1203 8485 11430
1101 11279 12636
1270 4718 7109
334 7456 7812
949 8869 9831
186 11511 13142
696 2820 3556
450 10226 11115
417 931 1436
815 2151 3317
195 5889 6537
27 5019 5938
571 3486 4583
456 8903 10341
894 1285 2493
609 740 1503
203 11521 13979
1111 13548 14761
597 2414 3230
195 6616 7011
756 11704 13368
304 14005 14907
326 9749 11650
1251 3128 5229
1274 11904 14829
272 1589 2111
156 10898 13049
415 10097 11329
327 9202 11046
92 1913 2332
1254 9981 12244
424 6546 7045
1128 4659 5837
1398 6431 8826
1033 4827 6039
684 10656 13398
1016 11939 14264
1180 6810 8381
1292 6262 8701
1336 12557 15017
520 13356 15732
1061 10462 13743
149 3332 3969
959 13513 14640
422 5887 7346
288 10118 10526
387 930 1470
649 8066 9581
434 4944 5745
779 10721 12959
705 59 764
22 5385 5909
1153 13942 15478
1175 2213 3861
1192 2474 4396
151 11005 12416
1308 5021 6359
38 9164 10311
1374 14237 17256
628 5574 6663
1388 11859 13763
417 4389 4977
117 14131 14925
1318 12223 14509
1224 8466 9857
486 11457 13674
1119 10490 13294
173 12422 13707
1258 11316 14691
536 5480 6742
507 4422 5128
1032 7198 8557
437 6535 7432
41 4614 4898
713 9764 11834
1141 8264 9961
398 3079 3538
1383 3493 5519
290 11123 12303
295 13322 16334
252 13839 16345
866 9613 12273
1133 4242 6366
1319 2929 4367
303 9744 11740
801 4752 6574
939 5688 7782
112 9985 10726
107 1270 1486
71 9659 9849
1108 11307 14619
892 14451 16130
657 3942 5232
150 266 429
203 4368 5246
438 9676 11413
217 11513 13068
848 5922 7753
99 14590 17331
608 11849 13115
856 8392 9590
1025 185 1217
858 9205 11571
402 5847 6388
440 9899 11352
1319 3355 5143
276 2192 2547
1132 8614 10608
549 13834 17079
248 6087 6988
307 7737 9154
1365 8320 10352
837 8346 9362
457 14354 15451
823 10105 11949
591 606 1369
1251 13191 16544
414 9567 10991
164 5808 6011
709 2824 3856
496 560 1184
430 784 1373
1143 7182 8412
915 8145 10819
330 9486 10761
1229 10892 13122
1165 1859 3495
851 7732 8696
294 3993 4444
487 621 1208
59 6865 7294
860 3045 4646
1023 13398 14758
1101 8147 9710
1147 7786 9157
874 9024 10410
565 2421 3275
321 8658 9984
1297 273 1724
397 4670 6000
442 12046 12946
1017 5486 7525
179 11869 13132
267 9442 10278
1205 1966 3732
489 6056 6550
308 951 1459
956 1088 2313
855 9970 11210
102 9751 11217
320 11470 12006
733 8333 10252
647 10524 12989
758 221 1150
958 9649 11872
445 8780 10360
317 6220 7008
353 4736 6095
115 13617 13810
813 6720 7903
1046 9005 10593
30 6254 6829
428 12177 13921
912 3413 4721
550 6958 8707
873 5235 7260
873 11607 14750
328 11962 12356
530 4951 5820
184 240 471
1299 11692 13190
1265 2704 4506
65 9891 10123
1115 2955 4372
1301 3626 5025
473 8137 8954
75 6837 7000
975 1152 2413
865 6277 8077
800 3631 4826
1169 6533 8279
559 14716 15333
541 6577 7358
1034 1009 2074
515 6949 8866
168 12336 14402
191 1006 1257
770 4041 5314
681 5973 7195
595 2121 2975
1189 6848 8665
449 2970 3916
731 14429 17317
978 521 1618
376 4044 5048
1104 14699 16158
49 4432 4636
1293 10884 12732
1331 11065 12475
23 2923 3480
513 11200 12184
608 3481 4397
767 1768 2749
341 6775 7728
719 10493 11409
1226 7848 10110
992 13267 15981
278 12941 13725
988 3661 5090
973 5571 7504
1391 6720 8271
403 10725 13312
1039 7481 9461
313 13096 14722
494 1319 2123
923 9524 12205
964 878 2064
