450
19 54 97
1 76 82
12 24 81
8 57 87
3 10 20
81 5 89
22 44 67
9 2 30
15 79 99
4 11 21
9 15 30
3 13 33
81 11 102
1 9 11
2 19 51
2 1 12
1 62 64
2 4 10
20 0 27
7 98 110
1 7 99
27 17 58
12 20 34
8 24 37
5 13 27
1 41 55
1 0 8
22 28 91
1 0 2
6 4 81
46 15 65
1 0 1
2 58 94
6 10 21
8 3 34
48 1 66
5 40 46
15 19 61
9 35 57
5 78 85
17 1 23
9 44 55
15 20 61
3 22 26
7 10 53
41 5 48
16 5 27
47 27 76
28 2 61
3 41 66
8 33 55
1 0 2
58 13 79
9 1 14
2 32 39
61 18 109
51 32 94
3 56 69
2 41 55
26 24 72
19 22 91
6 84 94
16 4 23
4 33 39
1 0 1
3 2 6
7 6 19
1 22 30
8 7 20
13 0 78
10 3 44
31 38 84
3 10 21
13 1 95
39 24 83
6 21 35
4 65 71
9 10 37
3 53 62
11 11 29
81 13 97
3 37 71
7 24 42
10 2 32
42 2 98
9 60 73
10 96 110
1 0 1
49 12 103
25 25 103
12 54 100
9 21 82
10 42 53
19 20 58
60 14 111
1 38 46
16 11 46
1 43 59
2 4 7
38 3 66
1 24 30
4 33 109
2 73 88
16 0 35
15 9 26
65 34 105
10 61 100
2 77 98
29 46 110
7 77 106
9 45 68
1 0 2
3 0 33
3 2 8
2 0 24
7 9 17
3 48 73
8 56 104
18 71 92
7 77 93
20 55 86
2 74 78
31 0 35
25 65 93
8 65 107
1 43 45
16 3 38
7 5 18
4 50 58
1 0 2
7 30 56
7 1 9
27 28 65
1 1 3
6 66 80
28 2 70
4 10 41
52 21 99
52 15 82
16 14 39
6 57 67
10 11 29
3 8 42
1 56 69
33 35 70
8 81 95
37 41 91
6 32 68
1 1 3
15 5 34
5 24 43
6 47 74
92 1 108
98 0 104
2 12 33
2 61 80
4 4 10
2 7 20
5 104 110
16 55 72
4 19 25
39 4 47
3 99 104
7 26 96
4 8 22
11 39 51
5 29 36
7 48 82
17 7 34
2 24 28
5 10 71
2 46 49
51 58 110
20 29 53
1 13 21
5 6 12
2 48 79
16 32 63
2 6 11
19 42 72
12 27 70
48 5 73
4 45 70
31 45 80
8 47 63
64 19 98
11 38 50
23 16 94
4 52 90
18 17 38
72 16 98
49 2 106
21 56 92
1 0 2
3 81 85
11 25 44
2 62 68
8 0 10
9 39 56
81 20 111
18 21 111
24 31 107
13 2 26
3 46 79
1 17 92
7 48 59
7 10 63
18 61 101
36 12 68
42 38 84
14 41 62
13 36 65
2 3 7
3 63 71
4 19 34
1 0 6
1 0 1
13 16 39
43 9 53
2 29 37
15 12 41
4 3 10
7 45 93
3 88 96
1 0 1
21 9 83
3 90 96
71 17 93
4 26 42
22 15 82
19 20 45
3 82 90
44 29 101
41 0 98
15 1 56
2 27 33
2 31 43
15 51 76
19 30 75
19 23 44
2 1 5
10 38 61
20 84 106
4 9 15
40 27 68
32 24 91
55 4 62
2 7 14
66 25 92
11 8 20
12 20 34
6 73 81
13 41 62
2 26 30
6 14 21
14 4 22
3 9 56
5 1 7
5 58 83
41 25 76
10 0 15
30 8 51
27 1 32
15 15 36
4 7 12
35 58 98
11 78 99
54 2 64
7 0 25
20 4 69
1 62 83
9 8 32
41 58 108
1 1 3
2 31 34
8 61 82
27 2 69
3 71 83
16 39 88
14 42 63
2 90 106
16 33 110
18 12 36
7 44 63
4 7 12
10 1 12
31 26 72
1 63 65
1 9 11
7 11 26
32 3 97
25 48 85
10 36 48
2 3 12
14 2 50
1 3 5
44 50 96
2 13 19
6 21 97
35 16 88
1 25 27
51 23 105
1 1 3
19 36 71
25 30 103
11 21 36
9 13 57
16 1 33
1 4 10
22 79 108
6 44 54
6 21 30
3 17 22
7 22 37
42 21 86
25 11 87
10 68 97
3 14 21
1 16 23
2 103 110
4 57 65
3 36 64
55 25 92
66 38 106
34 16 60
14 0 16
46 1 109
9 0 53
21 57 108
2 52 80
24 42 109
5 16 22
23 7 67
1 21 32
1 1 3
37 5 91
6 9 91
10 22 34
2 0 3
14 33 84
13 58 77
1 1 3
13 62 80
17 0 39
29 17 79
18 15 59
57 43 107
6 7 20
50 23 99
4 64 93
4 56 85
2 28 40
19 2 35
26 25 56
3 13 20
1 27 62
4 7 20
11 6 37
36 42 104
4 34 57
37 23 85
11 16 45
57 14 79
52 26 88
12 48 80
1 1 4
4 0 23
12 68 83
3 20 55
11 51 67
11 2 55
1 53 72
9 59 95
2 19 27
22 5 43
45 47 97
37 6 46
1 4 8
21 25 53
1 1 3
1 1 3
3 22 43
30 46 77
4 9 15
6 32 53
9 42 58
6 38 94
3 54 70
10 84 98
12 15 31
3 12 16
13 61 83
5 56 99
16 29 54
21 30 59
7 17 25
11 0 25
9 25 55
41 17 109
7 0 11
2 9 67
3 9 29
67 17 98
14 21 51
1 89 91
1 24 26
3 107 111
1 22 24
2 50 56
19 4 96
1 51 60
6 61 74
9 81 95
39 37 82
2 17 21
19 1 33
4 5 36
8 20 29
4 23 97
15 28 52
4 8 23
53 18 74
35 54 111
9 10 49
14 44 98
2 39 42
7 61 85
1 5 9
8 55 66
32 39 75
9 67 99
71 22 102
5 51 85
1 17 19
5 26 32
12 79 104
26 7 79
1 14 21
6 24 61
4 45 61
16 7 27
21 5 52
7 13 42
11 20 45
3 47 59
4 72 82
1 8 10
49 23 110
6 3 15
8 6 19
