100
498 1753 2491
826 3115 4353
620 2512 4052
863 1089 1972
490 3850 5039
317 562 1132
580 2856 4425
360 2201 3272
168 600 953
797 1104 1916
986 3356 4656
117 2924 3083
142 352 513
988 2055 3470
341 1028 1554
646 1685 2445
297 2542 3671
663 4934 6338
621 3113 3889
149 2313 2915
995 504 1545
987 844 2105
268 4002 5129
180 912 1227
117 3248 3668
933 4162 6566
223 4960 6730
539 1268 2198
669 3722 5696
601 4429 6153
453 394 962
717 1896 3204
239 4461 5998
562 1973 3142
929 4435 5718
843 1062 2391
875 4365 5702
746 3806 4901
521 4551 5645
985 2766 4487
869 1015 2411
730 1480 2221
306 2166 3014
824 4984 6883
214 806 1104
599 4036 5935
366 1168 1662
994 422 1798
871 2538 3669
687 30 875
793 3398 4549
725 1128 1914
457 3920 5115
789 321 1177
452 1954 2704
844 1563 2866
240 3387 3766
495 4468 6141
917 1605 2762
659 1960 2821
729 4954 7315
540 871 1461
192 1735 2055
569 4254 5160
191 723 951
981 498 1732
907 4733 5681
653 4877 6418
137 2605 3264
764 4891 6301
666 1867 2957
534 1047 1599
650 2491 3895
900 2385 3999
153 1065 1324
253 3596 4842
805 3419 5392
555 738 1373
963 3146 4541
217 249 532
512 2022 2859
580 606 1304
919 240 1209
433 773 1455
949 3554 5598
565 910 1475
502 2819 3652
365 3625 4635
441 4299 6089
637 1516 2631
241 314 600
532 3402 4044
653 3959 5374
887 4136 5931
961 4297 5507
647 2142 2820
222 104 406
239 1196 1676
721 849 2019
747 1120 2157
