150
1 18 20
3 8 27
10 2 24
1 3 16
5 16 22
1 2 16
1 5 7
3 12 24
1 3 10
2 1 5
4 6 17
2 15 19
1 0 1
1 0 2
5 3 12
4 10 15
6 5 14
3 2 8
1 31 34
10 16 29
2 1 4
6 5 33
3 3 13
13 8 22
1 1 3
1 19 21
6 6 15
2 2 7
5 2 30
2 3 9
2 7 33
6 11 22
1 0 1
7 16 24
1 17 22
4 8 14
9 0 12
2 7 10
17 0 24
3 19 23
26 1 32
1 2 6
1 3 7
1 1 3
4 4 17
1 14 16
18 5 25
11 5 29
4 19 28
6 23 32
3 8 22
3 9 15
1 0 3
2 11 14
1 5 16
1 4 8
2 0 16
1 8 10
7 0 11
7 11 20
1 1 3
1 1 4
1 0 4
1 4 8
11 5 25
1 1 5
2 12 15
6 12 27
16 16 35
1 0 2
1 2 4
17 16 34
12 3 19
6 19 26
1 1 3
2 4 9
7 2 26
11 14 27
2 16 20
4 0 6
7 21 30
11 2 25
2 28 31
9 22 34
1 24 30
9 8 35
2 3 7
4 22 28
10 2 36
12 1 15
4 22 30
1 18 22
1 0 7
1 0 2
2 7 26
29 3 36
2 32 36
1 0 2
2 15 19
7 1 15
5 21 28
4 1 10
17 1 22
1 0 3
2 4 7
7 2 20
2 14 25
11 9 21
1 33 35
4 3 10
10 5 28
2 0 3
11 0 28
1 2 36
23 9 33
1 13 23
9 14 28
11 2 30
2 1 15
4 10 15
1 13 16
8 4 13
1 0 2
4 6 12
1 4 6
8 8 25
2 1 4
1 1 6
5 3 9
2 14 22
8 14 26
2 4 7
1 1 7
14 0 20
1 4 7
5 6 20
1 9 13
5 24 33
5 10 29
3 10 31
1 13 18
3 11 16
7 14 23
1 18 20
8 19 30
2 22 28
14 12 28
1 1 5
6 16 26
4 2 9
