200
702 23742 31427
205 20910 22249
1010 19035 21493
698 20663 23980
29 3560 4812
874 2215 3170
687 2976 3736
518 10307 11722
247 10920 12208
1070 4243 9540
932 17812 18934
562 19045 22538
975 14933 16907
1059 3516 5716
1023 10528 12858
223 3924 4928
886 6456 11199
572 5469 6587
200 5669 7490
252 24942 27688
827 1915 4682
995 18505 26394
20 7640 13261
742 17826 34105
242 4610 5975
421 6317 10219
68 12778 17861
376 10022 11597
50 7375 9511
947 5058 6910
788 9530 17749
398 10629 14612
924 13905 19662
387 8330 13759
193 17788 21469
190 684 1244
949 6479 10550
85 6639 13317
369 19744 22654
1009 21751 24692
861 24500 30669
180 3385 5023
379 6142 8424
175 7278 8016
867 1182 2163
946 8651 13229
164 5272 7672
298 20220 24167
370 17921 22834
595 11912 13064
939 11544 22532
179 16974 25139
1103 25697 32542
910 13002 15619
956 27708 31280
94 26070 27663
551 16113 24560
475 11940 22026
250 16722 26453
882 2873 4681
28 16634 20386
719 6301 8384
592 11829 18509
82 9717 11007
705 29410 32075
142 9927 17911
1 4097 5686
337 16762 23216
2 15800 18717
925 13396 19735
1009 12364 14159
359 9187 13664
862 16259 22424
874 15338 27483
980 19382 24830
539 1927 3721
687 14534 20094
876 18859 29514
635 24105 26009
183 10420 19332
485 13927 19471
1082 3789 6123
716 12067 13651
72 11333 12317
9 28615 31311
1035 6406 9439
761 12113 14459
812 8 880
561 17602 27218
414 2365 3625
983 1068 2223
554 19011 25311
138 5929 7828
466 938 1559
851 6508 9346
607 25276 28142
700 23810 27217
854 10051 11930
958 4263 7939
1011 10702 16730
106 4619 5675
899 3081 4588
681 20942 29078
1028 11727 16070
572 8443 12240
394 13601 20354
439 2565 3780
568 3882 8067
494 6088 7255
1021 8601 10458
1101 15095 23746
233 3136 5948
135 10114 18666
231 16650 29750
785 13665 14610
195 20917 27910
74 9289 17156
911 7836 13215
1048 9 1162
905 998 2057
781 5429 9363
151 17076 28310
421 6736 8522
630 3682 7454
656 19178 33276
1099 9110 11142
229 7011 9939
683 12754 25309
543 16370 31356
819 3558 5554
651 18202 20374
179 18703 28564
843 7133 11372
59 6725 9681
281 2254 2975
630 12132 15973
551 10578 17779
222 9288 9599
342 21236 23024
179 4506 6152
420 17756 24616
959 3711 4764
813 19894 30246
488 17634 23066
423 16954 18696
65 2217 3291
192 5896 9764
1053 16686 21261
788 3980 5870
899 2012 3141
690 5066 6904
258 9832 18135
82 26570 29612
331 12343 23849
568 1495 2662
1061 10538 17852
97 12017 12419
997 10823 18244
555 802 2146
181 9326 15856
291 13906 17060
948 12790 15662
627 14413 25505
1048 16608 28357
546 17242 25744
131 818 1028
864 21935 29504
128 3801 6729
399 23379 26167
1023 6 1087
298 17552 24949
339 4117 8311
914 10139 19126
459 15966 26527
579 5801 6763
511 19901 23600
72 16881 19834
802 19360 28556
1029 11666 21510
513 10821 15275
881 18713 21921
385 15 442
424 11138 14930
240 23155 29359
143 22655 26562
779 20226 27412
1006 17652 26592
986 9360 14711
789 7934 12239
307 13889 27551
365 11710 23466
646 5957 7596
985 1712 3201
339 5327 10918
416 16346 19924
982 12943 17139
547 325 1055
657 12103 16709
1065 18330 20969
1081 28440 30762
