500
9 52 62
9 15 31
4 9 21
11 82 94
29 32 108
1 10 12
6 87 108
4 116 122
63 11 112
31 33 69
11 69 124
68 9 106
3 8 12
2 8 12
9 32 87
1 11 13
10 9 42
14 15 119
2 80 102
1 0 1
2 59 92
4 45 57
3 37 41
6 85 100
6 59 116
3 20 33
15 54 77
2 35 41
12 16 41
30 23 101
4 7 23
25 30 58
20 68 106
17 42 65
3 8 27
57 46 104
24 4 30
8 2 16
3 0 5
13 45 78
28 34 94
22 57 92
21 93 124
5 10 28
24 23 48
77 26 115
8 41 69
8 12 36
36 0 41
17 35 54
12 5 19
2 6 12
2 5 14
87 2 113
3 4 9
10 14 70
1 115 119
16 3 21
2 1 20
42 22 109
7 7 21
3 78 82
2 105 123
9 5 21
34 27 63
20 9 71
25 34 73
5 38 69
11 43 68
19 26 80
11 36 51
1 45 106
103 7 111
9 36 98
14 71 120
28 58 100
10 5 23
3 94 109
42 5 114
19 12 86
2 15 18
23 11 69
6 17 26
2 3 6
14 52 74
12 29 44
59 32 107
1 115 118
1 86 92
30 51 82
4 0 20
6 5 12
24 27 74
4 31 48
106 16 124
11 24 40
11 40 55
1 37 39
1 2 4
13 27 85
54 32 113
2 7 12
79 4 89
48 26 118
2 79 83
1 0 5
2 5 11
5 25 49
7 41 53
11 7 22
23 28 62
2 10 15
18 97 117
7 7 26
3 14 20
46 6 54
45 7 67
1 0 65
26 61 108
9 31 41
13 5 30
43 53 107
1 0 2
11 7 35
28 8 43
33 14 68
45 7 55
1 12 14
56 6 63
12 17 43
3 104 108
19 39 68
19 11 37
43 13 69
1 66 75
2 27 30
13 36 81
1 0 2
6 33 86
5 10 17
18 50 108
15 10 35
3 7 26
21 14 51
7 42 50
13 42 107
14 1 28
70 4 103
17 66 90
48 19 85
6 52 62
29 50 82
4 26 64
28 19 83
16 2 21
35 16 121
1 1 4
25 68 113
29 19 55
30 15 72
1 6 8
19 74 101
1 6 8
4 85 97
84 1 101
24 70 123
4 20 45
20 12 35
27 27 99
1 2 5
46 18 89
3 58 74
38 0 86
9 58 72
27 30 73
1 63 70
59 43 120
6 2 34
65 12 103
62 20 88
12 5 22
7 15 24
7 55 75
5 23 113
7 31 44
91 22 124
3 10 18
22 45 88
10 1 34
8 29 64
3 54 99
2 20 24
8 6 16
5 23 35
41 21 69
7 24 41
69 39 117
6 24 57
39 44 116
1 84 104
1 60 71
1 0 2
6 47 72
14 5 36
6 15 23
24 19 48
49 17 74
26 15 53
32 52 105
46 3 81
42 59 113
23 15 98
61 28 116
4 4 16
64 0 74
36 23 71
1 15 20
30 0 33
4 41 53
2 107 122
1 34 36
21 20 84
29 50 109
7 1 61
5 3 20
31 17 95
33 29 118
15 14 52
1 18 23
24 50 96
1 21 30
80 26 117
1 1 3
3 8 14
1 14 18
11 82 117
1 17 22
15 55 103
85 31 119
12 34 59
7 80 115
2 38 42
1 7 9
20 12 33
10 28 67
8 41 68
1 2 4
3 9 23
13 41 98
9 38 50
5 27 33
89 12 112
14 69 95
20 33 74
10 13 36
1 7 15
17 37 92
3 1 107
91 25 121
11 45 82
16 8 57
1 3 7
15 33 49
12 92 106
3 23 37
8 66 75
21 25 83
44 55 123
23 20 75
16 46 83
53 2 64
12 15 41
4 7 16
1 108 112
60 19 92
16 18 65
2 2 7
3 78 86
8 39 75
21 25 61
5 1 8
6 1 99
10 20 43
13 4 45
6 46 54
34 70 110
20 4 37
10 42 63
17 12 35
13 32 50
12 25 43
11 75 91
1 14 19
13 0 30
23 2 56
20 32 100
13 0 26
1 34 78
10 21 33
8 29 39
63 43 111
40 8 113
22 66 115
2 11 18
8 5 14
2 4 27
12 11 26
6 87 105
35 64 109
4 14 102
105 9 124
25 41 69
30 5 43
23 25 63
11 3 39
14 36 51
1 11 13
4 2 11
21 11 98
4 83 91
80 29 111
30 12 96
9 102 115
3 1 14
6 103 120
4 4 11
1 21 23
6 18 42
13 12 74
19 23 72
70 30 102
24 68 105
16 69 89
1 1 40
26 92 121
15 14 49
10 41 118
10 1 18
16 54 86
11 56 74
66 33 108
2 66 81
9 17 96
13 15 56
47 39 91
2 4 8
2 31 36
19 88 108
36 69 117
14 8 101
7 42 61
6 17 41
3 1 15
18 22 44
4 4 75
1 113 116
3 0 4
4 44 123
7 9 18
21 95 120
1 38 45
18 0 51
4 5 10
1 29 41
102 1 110
11 3 113
5 81 103
4 1 9
54 29 84
44 55 111
17 6 29
26 25 84
24 20 52
3 29 39
29 11 122
1 0 1
9 13 96
2 118 121
1 4 7
1 13 45
8 44 53
39 9 97
66 22 112
29 16 73
4 29 38
19 77 116
1 19 24
18 7 45
13 8 24
10 4 57
4 19 34
22 2 39
10 15 35
16 4 24
5 105 119
20 82 118
70 9 117
3 2 11
1 85 92
2 1 7
3 10 16
8 76 85
10 14 27
4 77 87
4 49 54
1 85 99
26 30 118
3 20 76
1 35 38
52 41 106
9 88 116
5 48 94
15 44 114
3 39 43
17 101 121
9 67 85
5 107 114
18 32 107
6 18 57
6 67 77
6 11 19
1 1 22
8 63 77
11 0 14
15 7 48
10 25 48
12 34 91
7 5 18
6 16 38
26 52 119
12 4 24
5 0 9
22 19 50
1 30 76
1 17 19
14 73 115
3 0 6
6 32 81
18 60 88
17 37 78
60 6 112
29 39 91
24 30 90
6 51 63
3 1 15
1 6 10
9 61 79
19 27 87
15 35 57
13 54 81
1 5 7
4 2 7
6 19 26
25 26 57
9 4 17
42 43 93
4 26 35
19 29 53
28 55 111
7 19 27
4 100 110
14 58 92
1 14 19
44 62 110
39 1 62
11 65 84
12 23 70
47 42 95
1 29 38
4 2 10
3 0 4
3 67 77
28 77 112
3 1 8
66 32 102
10 22 39
33 17 101
1 42 46
19 49 70
3 1 7
20 24 48
47 54 110
51 34 110
1 88 92
43 37 108
18 57 88
1 95 105
33 66 124
3 103 118
17 7 29
12 34 94
22 40 94
3 59 64
1 33 36
12 70 89
12 84 103
37 25 68
7 4 17
2 65 76
1 9 12
