300
104 8081 8692
229 5136 6433
992 13389 14799
608 11358 15497
390 2778 3642
137 1936 2248
520 2822 3369
597 1906 2717
699 4297 5377
985 8974 12574
861 5176 7175
750 4252 5725
626 10429 13254
555 2256 2860
359 7477 8441
626 6351 7503
826 13155 16990
242 2508 3060
380 5605 6401
851 4989 7435
356 1788 2569
345 7239 7811
925 4726 6259
831 7041 9112
331 12300 15194
885 11496 14983
809 2900 4138
419 6992 8258
924 5867 8007
415 10644 14166
873 11313 12942
717 14770 20083
368 8963 10160
908 2814 3927
248 12734 13138
199 14306 18145
436 7185 8223
560 4749 5324
279 2928 3735
722 7575 9837
880 1361 2559
345 6194 7302
166 6270 7514
570 1605 2482
976 3866 5205
620 421 1258
843 13223 17251
241 13053 14871
675 2616 3331
316 7243 8695
363 7538 8223
615 1493 2666
845 13775 15504
203 11182 13281
811 2733 3554
164 2627 3171
528 9612 12293
918 3929 5805
296 3760 4088
600 4468 5877
580 12112 14401
258 1407 1925
880 9322 12798
785 2429 4038
645 13078 14892
463 3343 4031
397 3913 4485
379 6948 9103
638 13467 15892
269 14677 17069
844 1680 2710
565 14469 18478
528 12629 16239
134 3048 3970
898 353 1407
801 9804 12129
524 1691 2274
196 2540 3123
371 1155 1741
321 851 1374
446 13276 16395
781 236 1019
925 7429 10354
706 9063 12318
323 14907 19483
395 6926 9050
528 14025 18803
273 3605 3988
123 4823 5223
526 4098 4751
697 9764 13021
601 1547 2441
116 6369 8027
396 11665 14491
640 4147 5465
836 6989 9976
862 4238 6367
305 10334 10682
891 2664 3875
521 2302 3393
236 13524 14985
318 6659 9023
516 11234 12380
800 3025 4596
808 5569 7405
276 3979 5287
931 14107 15587
453 4866 6366
919 5655 8354
841 8120 9475
526 10187 11308
671 60 899
996 6067 8182
173 7545 9232
679 5283 7481
549 7201 8013
835 4916 6670
340 12858 13472
108 2469 2671
248 7481 9605
914 12192 14884
269 3831 5100
609 7943 8585
823 6448 8645
809 14770 16349
967 4318 6727
382 3806 4234
860 13439 17107
408 3463 4257
852 1512 2949
123 11672 14737
544 4111 4979
453 4863 5870
602 9500 12686
654 10802 11503
677 6949 9296
623 11241 14623
766 13696 18206
844 10225 13218
945 9445 12704
597 14175 16257
376 12573 14508
697 8125 10194
487 158 694
476 5945 7885
586 783 1377
615 9408 11610
195 11126 14374
794 4781 6082
990 2733 3749
322 7877 9238
159 12484 15776
923 8778 12609
362 4267 5114
110 5740 6983
756 4008 5401
131 9958 10439
678 9122 11993
501 11049 12266
403 3464 5014
225 11341 13329
564 1952 2642
519 4405 5507
864 9160 12858
407 417 1022
889 178 1192
892 4269 5448
265 4806 5947
433 2785 4077
185 2611 2882
442 11231 12423
117 14496 18777
226 8066 8922
910 12063 13320
124 8892 10069
433 3964 5561
347 9546 10304
777 6929 9892
883 5808 8224
180 219 425
266 11330 12271
928 1285 2291
703 10261 11772
599 74 831
546 3491 4716
381 12379 14155
982 2630 4059
679 11678 14440
446 657 1370
597 6577 8226
438 6760 7499
982 1882 3205
124 14364 15097
262 13540 17853
357 6555 8199
121 159 295
745 1998 3251
270 6243 7642
475 6230 6996
424 10167 13428
935 11678 14428
216 7631 9845
847 6737 9639
778 9152 10077
218 5722 6493
273 35 392
470 14021 15289
436 6825 9407
572 5626 6677
133 7916 8318
526 6558 7417
696 2979 4138
544 1329 2221
740 13349 18243
611 7954 10240
160 3351 4239
194 13270 15943
419 6523 7110
880 3442 4520
980 8758 10693
510 5336 6217
896 7584 9339
685 7245 8336
329 8658 10919
770 1248 2570
614 12054 15629
300 829 1235
908 9088 12491
266 6385 8477
759 7569 10326
618 9914 13398
842 2822 3883
628 6690 7574
936 11481 14265
193 418 765
482 9392 10816
805 14331 19207
971 14539 16792
292 13459 16082
798 7755 10320
867 1869 3169
243 580 898
316 9680 11762
192 11147 13920
563 1467 2466
561 1450 2222
745 11007 13482
401 12366 13146
575 8359 11173
844 13942 18912
712 14948 18804
543 10813 13924
174 6663 7092
963 2041 3638
909 13990 17118
244 7763 9658
469 9710 11804
259 9938 11761
532 13680 14561
728 10685 14725
603 13702 17579
411 13906 15471
167 2299 3133
102 8270 10793
224 7786 10059
188 14541 17353
338 7184 9223
892 2213 3340
118 9074 10889
162 9949 11016
726 3338 4667
281 14212 18821
929 2999 4081
982 9620 11587
345 10976 14496
903 12918 16056
689 1902 2846
931 10142 12811
126 1032 1259
940 7349 10259
498 14434 16849
967 10673 12071
470 4031 4963
569 10430 11815
704 9241 12631
346 10922 12266
103 9046 11572
402 667 1084
449 13632 14634
446 2645 3550
745 9160 10138
493 6421 8026
281 4906 6699
442 4081 4688
435 10175 11227
322 2739 3709
112 11779 12338
309 11566 15013
884 1949 3602
209 3466 4365
