500
694 8149 11338
408 6912 7806
278 23393 24326
628 11299 12738
414 14428 18306
399 4698 5732
183 12941 16356
269 14137 17834
882 20848 26723
722 6068 7876
148 4197 5537
481 14685 17076
766 791 1755
264 13900 16649
126 2049 2772
772 13067 13927
511 14354 19262
491 11327 13125
759 20420 26750
584 18990 20959
471 706 1477
636 7458 9894
893 11251 12980
291 20716 22414
742 11185 12646
869 1756 3355
200 13868 18220
768 9243 10206
358 6649 9018
678 15894 18808
833 370 1277
482 12308 16248
535 10561 13219
524 15032 20089
901 8941 9962
106 24249 29487
249 16875 19320
758 24897 30044
129 10375 11843
548 7351 8856
244 20490 23935
147 11963 15325
106 3426 4004
229 24073 30126
635 16713 18470
565 1905 2523
782 5941 8707
964 5039 6525
157 11374 14937
272 22039 28981
479 878 1466
166 22003 25622
281 24373 27365
875 9036 11490
817 1738 2847
954 2160 3550
328 129 536
480 17310 18209
767 16424 17572
506 8758 11059
477 1213 1716
715 23355 24803
505 14717 19772
911 2949 4904
781 9376 11945
280 18335 21209
529 7280 8046
255 1149 1646
317 9310 12151
142 7807 8874
300 12262 13240
341 14062 17574
590 4827 6369
315 12136 15752
833 24129 29141
624 11098 12655
775 18946 22259
692 14533 17629
418 10610 11772
185 17541 22092
734 10292 11131
763 14364 17503
579 12214 16379
290 2669 3593
329 1692 2508
130 11628 13545
207 4300 4682
431 17482 18832
836 24214 27404
616 4845 6934
665 17493 21959
240 11900 12848
133 7495 8539
698 16123 17567
264 23477 24142
498 14533 16645
492 2335 3450
284 8721 11520
799 10639 13532
317 20211 22575
521 12043 15791
267 23023 25035
349 14246 17956
114 11531 14312
471 6447 7155
547 12368 15847
681 734 1824
269 15804 16613
119 18296 21201
414 18386 23782
658 14706 19185
610 6142 7181
206 19831 23656
919 19618 21333
694 1342 2643
116 1358 1621
272 12473 15263
357 8372 11069
829 14709 17581
496 16128 16763
638 292 985
113 2452 2862
185 8150 10418
855 19193 25148
943 2155 3173
299 19972 25333
685 6024 8514
508 4623 5516
711 12802 16000
461 20763 26195
515 2389 3699
326 22630 28347
454 4012 5217
690 22646 28062
227 21779 25683
677 5874 6580
600 24425 31123
641 10125 13670
425 1982 2849
873 14155 15548
206 10214 13305
941 8869 12484
399 3657 4875
103 14232 18512
972 8236 9777
890 5566 6652
109 10509 11590
156 14067 16886
737 20690 23225
143 22360 24862
890 20473 25140
544 24470 31347
898 13774 16585
855 8455 9510
372 22495 23913
203 12441 16202
891 19261 23323
851 23544 27490
780 6240 8480
920 16272 20779
860 4924 7107
869 23559 25344
640 14654 18810
651 6108 8245
203 2279 3170
758 2399 3211
834 13856 17552
106 8821 11439
797 22398 26433
846 7597 9507
866 1540 2967
636 24010 31171
324 9303 10763
565 8961 10272
771 22965 29141
868 3631 5752
746 22638 27760
219 1922 2379
343 2908 4201
513 1984 2534
161 17 189
909 23357 29899
822 6979 9485
216 15127 15348
827 512 1661
915 20427 21760
562 23653 31093
256 6191 7340
915 10602 12630
493 9660 12965
625 14930 19659
794 6579 8575
914 23169 26204
762 8899 11244
551 11967 15080
656 19880 24211
932 20807 24934
132 12551 13345
442 4699 5817
539 14146 14803
355 17913 21220
362 21107 21979
496 13740 16009
305 15679 18180
970 12881 17544
117 9227 9564
708 16496 20060
874 357 1310
286 16610 20710
426 20588 21608
866 20337 24033
808 994 2270
131 620 868
558 8943 11858
489 5136 6007
214 4095 4643
767 24991 32406
399 18066 22206
867 6147 8357
874 17456 23515
605 620 1320
874 19515 23840
484 9682 11737
318 5029 5983
156 21022 27500
486 4178 5117
423 12923 13893
808 24309 31441
606 12151 13592
684 15178 15916
923 16422 22091
678 4093 6169
472 24071 29320
778 21187 26710
494 8275 8837
310 5348 6871
735 823 1651
518 8175 8831
333 15640 19136
352 9953 11427
454 1780 2555
911 4575 6837
140 6983 9087
149 13195 16684
955 2774 3954
103 14074 17023
431 16516 18765
488 8859 11996
116 24487 25581
700 8658 10016
766 8213 9392
532 10921 13529
501 5784 7717
486 24154 29912
282 11307 12679
397 4113 4782
923 8239 9819
778 16216 19638
870 12886 16336
177 9697 11309
180 13445 17166
769 6635 8631
961 4374 6288
622 6417 8647
469 23796 26151
304 6609 7389
861 5419 7469
449 10798 12433
408 24061 30067
403 1552 2451
942 2102 3321
487 15244 16183
336 14390 17402
446 2479 3615
165 5650 7141
484 1191 1877
182 14562 16898
751 21545 23465
681 13643 14576
590 662 1395
824 12115 13988
475 4757 6015
688 1023 1853
351 22940 27310
701 6282 8199
952 12485 13643
277 14091 16003
738 16363 18271
455 10375 11471
559 6593 7696
229 3340 3932
313 6534 8837
402 10820 11686
883 16247 18899
661 24278 30882
528 8322 11069
569 13691 17045
629 4201 5925
745 7923 8849
927 6346 7613
240 5311 6233
973 11460 13323
679 21569 22817
337 2316 3160
633 23223 27634
783 13000 15432
638 12422 16723
361 11564 14474
140 13174 16897
951 16281 19366
377 19673 21853
510 10060 10774
793 24624 27681
842 18385 19744
268 7182 8108
839 12918 15496
532 14855 17821
301 19271 20681
983 24908 32036
189 19336 24486
653 6467 8933
543 23825 30737
447 23106 29559
353 11737 14983
325 12055 15915
844 866 2067
753 2044 2824
375 1821 2591
954 5528 7407
174 11272 13371
913 6660 8275
544 602 1277
292 18856 20201
172 7636 7998
940 2764 4215
732 24741 32903
761 11105 12556
966 15543 19811
463 9576 11905
807 2053 3342
739 3381 4372
410 13637 14459
633 19977 26354
894 3522 5692
152 4073 4782
914 5689 7870
983 18149 22360
395 21459 23704
167 23897 26849
312 20614 24058
787 8859 11748
663 21875 27275
487 2094 3004
636 9357 10488
598 17683 22186
944 6327 8754
409 17388 18106
733 12815 17215
239 21322 23841
855 2341 3970
443 23264 23779
965 12873 16069
902 21068 27453
311 1987 2659
294 16214 17987
611 3159 4286
910 4258 5305
511 8434 10751
676 22784 27551
595 11270 12286
116 18411 23566
771 6574 7996
885 23395 25430
473 715 1414
564 18528 22756
713 1828 2823
521 19539 22979
692 14593 19737
805 22697 25527
829 1967 3159
360 646 1175
901 1163 2235
225 2419 2795
447 9680 12651
606 7485 9164
176 15263 19086
267 20867 26183
172 23674 25642
673 4358 6268
144 11819 14391
274 4141 5135
404 18886 21196
343 23095 27785
172 6135 6908
472 6582 8800
145 297 449
585 6796 8043
890 6775 9652
696 16688 18547
119 24647 27053
814 10449 11811
838 23355 25236
492 13980 16813
233 21242 25916
914 15075 20131
360 17092 19759
274 4962 6050
396 19516 23982
404 12017 13259
898 10902 11940
101 15108 18099
767 7134 8845
735 7800 10888
794 8013 10835
205 9050 10143
729 6340 9095
322 59 384
657 2381 3236
161 18551 24249
279 16903 21715
361 9873 13159
285 21386 27870
710 19825 26069
331 2317 3242
680 24448 27612
497 11872 14525
186 12262 12904
671 12911 15112
390 24862 29511
126 16944 21996
801 6234 8163
923 13176 15018
935 21552 24676
723 2809 4388
980 14605 19809
128 16751 18498
725 8811 10169
130 15871 19034
831 4963 6967
790 8561 10236
473 17872 23531
458 10218 12427
893 9540 13449
306 7524 9421
575 24116 25902
112 15782 16654
164 19082 22256
141 11779 13925
610 661 1651
114 9890 10423
930 20330 22414
298 913 1226
493 12793 13894
311 9047 11863
356 9153 10658
114 20182 21588
684 495 1374
838 6767 9726
797 23664 28684
262 987 1562
771 1472 2556
602 6168 7744
263 10524 12145
615 8299 9509
459 1576 2098
142 1212 1747
471 10188 12497
946 9175 11967
798 16934 18874
843 5486 6469
328 16326 18158
691 19308 23056
840 14539 17391
482 21971 25500
250 24532 28996
182 8285 8845
780 24087 31826
626 2434 3774
800 4360 6359
924 14815 18497
656 1526 2638
578 8154 10392
479 18168 19091
689 20446 22515
834 3193 4445
647 19703 21350
410 5051 7018
804 22091 29177
876 11361 12858
141 2425 2597
800 4009 5608
597 11768 14379
744 16910 22454
491 5665 6489
313 4729 5297
591 19793 22968
889 4518 5965
663 19304 21942
662 17189 19815
469 21599 23380
