50
651 1918 3226
492 1823 2848
205 968 1484
982 2346 3369
417 1480 2292
932 1673 2999
124 202 344
999 114 1113
387 1527 2148
415 108 545
489 15 551
961 105 1204
704 1360 2193
444 1976 3044
371 364 872
698 1457 2382
225 914 1425
901 2111 3094
218 519 899
537 275 870
555 1322 1961
738 1909 3265
539 1579 2223
137 2012 2357
123 472 706
567 2493 3658
965 959 2131
182 2321 2654
202 1195 1633
539 1448 2468
489 116 716
819 1282 2583
250 1552 2100
629 1713 2988
428 1995 3080
552 2366 3155
215 1509 1931
586 1250 2021
703 1318 2267
528 507 1155
319 1820 2181
619 1967 2774
691 443 1382
363 736 1183
559 2007 3229
950 2037 3477
234 1834 2318
177 434 630
166 1173 1573
427 2275 3461
