400
575 15613 17964
467 10915 13171
653 11356 13854
479 7388 9660
791 16258 17882
192 1172 1436
442 6174 7651
785 4396 6359
408 15545 16904
680 11148 13305
623 9054 11104
850 1263 2451
625 19157 21931
113 10608 12457
133 16138 18780
706 4433 5953
902 9918 11671
148 6921 7918
146 14103 15981
241 12122 14253
840 4857 6145
162 6597 6877
558 3507 5088
724 15907 21588
525 524 1236
868 6513 9087
264 9151 11248
301 15485 17157
204 11400 14275
421 15033 16450
341 11617 12226
825 13030 15598
114 4616 5720
148 4517 5654
873 9951 12313
301 2097 3089
493 830 1707
710 7992 8891
491 6288 7263
774 14680 18344
466 14261 17873
590 879 1679
806 9748 11533
401 18057 22645
436 12186 13115
793 16252 20381
506 16427 17430
502 2707 3530
704 797 1908
584 19781 22772
948 19947 22771
744 2260 3295
132 14331 16288
210 10662 11110
151 7091 7997
983 12648 16535
670 19622 23555
437 7270 9101
436 15524 18629
284 17944 19409
737 1061 2055
645 11489 12912
838 1718 3118
453 17508 23023
626 5470 7583
829 10299 14364
427 14320 15859
445 3991 5439
469 18331 20430
738 1124 1933
894 7417 8623
213 15406 20245
383 6224 8431
315 11894 15015
887 563 1590
950 19052 23320
915 10947 12336
234 7631 9851
340 15695 19618
276 16357 19844
597 2061 3187
394 13556 18092
270 2371 2735
267 685 1225
841 11046 13570
993 3500 4951
164 19743 23664
451 3077 4521
307 15429 19117
785 3613 5286
476 14535 17874
577 7881 10732
111 1293 1795
339 13102 15508
181 19075 21703
789 1985 3352
526 8812 11819
175 3298 3947
668 12249 14017
994 3210 4728
758 15877 17625
876 17524 23349
976 18916 23864
741 18984 23987
920 7030 9889
479 8252 9276
877 3846 5389
115 17011 19879
319 4188 5846
980 18950 24450
612 11008 14905
493 18019 21184
503 17563 19356
598 6354 7675
889 10218 13707
147 5057 5908
376 14659 15794
752 2260 3526
310 19269 20461
748 4596 6527
606 12053 14638
273 5906 7874
768 11061 13722
505 17068 19379
642 16459 20893
356 16285 19123
760 1076 1903
194 11735 13561
779 14814 16454
328 2837 3264
765 12745 14285
238 14278 17909
390 11881 14432
171 2500 3453
948 3007 4469
356 18915 23560
959 5107 7342
923 9662 11756
237 6681 7026
629 602 1262
679 10866 11959
827 2075 3423
841 10123 13552
597 18056 18957
860 2996 5005
456 1465 2250
634 17580 20794
554 12909 13650
420 18464 23315
767 18075 23916
132 18448 23670
208 1105 1399
641 13729 14616
323 18303 18866
924 11353 13989
745 10430 11651
989 8683 12452
792 2248 3693
235 8437 10888
223 9795 10889
107 16511 21107
606 14608 18945
540 5194 5954
452 17256 21246
834 5393 6765
113 9616 10596
519 2389 3273
590 18107 20671
918 19730 25858
358 1206 1922
135 15354 16954
965 13949 16975
337 19280 20699
359 18763 21486
536 13949 14577
767 16945 21886
159 14305 16409
732 5000 6648
171 3831 4537
622 12651 13835
919 15848 21729
734 15515 17855
542 18091 19517
772 8666 11149
618 6518 7869
826 6562 7985
967 4064 5516
591 14266 16482
269 1882 2559
758 3884 5874
701 17169 19405
657 5376 7001
719 8732 10787
920 12176 15270
954 13672 15129
121 10442 11596
229 652 943
256 17075 21218
740 1457 2793
668 12907 15267
720 7360 9815
948 18115 20613
419 242 719
217 7000 7772
490 6018 6744
223 17682 20915
792 15456 20220
992 17914 19628
576 18097 20252
467 17816 22569
437 17492 21674
990 9945 11834
982 12935 15042
328 14097 15134
837 17380 21819
382 2441 3098
120 17536 19955
690 17143 22820
931 9846 12856
793 7899 9603
330 5635 7038
664 10053 13100
698 7030 8751
960 15275 19120
996 19041 24529
783 112 962
467 656 1157
743 11306 14781
689 10531 13708
885 4171 5698
448 17537 22524
753 208 1061
417 9193 11744
461 11167 12290
433 16624 19578
727 18535 20781
689 18293 20444
720 14156 17764
501 2018 3152
231 16254 16767
127 431 601
572 14279 18590
771 9810 10988
721 13009 15962
916 7337 8866
926 11513 12738
980 15878 21085
462 15802 20538
767 715 1770
196 4281 4951
914 19718 21202
529 15167 18032
955 4114 5552
916 7214 8713
982 6127 7809
547 5632 7068
489 13466 16957
354 333 822
154 7502 9027
615 18019 21491
455 18724 22730
215 9618 10675
874 2064 3511
238 11205 13764
829 1497 2765
354 19846 21042
621 10366 12453
965 15271 17089
131 6900 8075
806 14580 15568
660 14317 16835
409 5370 6519
541 13958 15506
192 17073 20126
715 17690 20297
729 11409 15479
259 5659 7146
324 8911 9705
476 3901 4681
311 16939 17691
304 14563 17042
499 8356 11073
234 3644 4843
321 10401 12939
501 12148 13647
850 11173 12462
359 6600 8938
882 19514 22385
522 16947 18212
997 19810 26153
209 17293 18184
877 19089 22716
826 8122 9352
104 2790 3703
974 18954 24068
671 4583 5845
217 18107 19640
370 13300 14064
567 1416 2016
561 9139 11837
564 11627 12633
153 1800 2464
845 14095 17156
545 3018 4387
808 14403 18807
941 2480 4004
400 9051 10626
873 1076 2205
116 16296 17996
474 12494 14184
500 8085 9843
510 1270 2093
193 19283 22802
915 7637 10423
633 18821 20426
883 11422 14315
296 5523 5832
332 17925 21562
342 3757 5072
550 6486 9062
627 13975 16458
940 7147 9466
431 14330 15191
473 9264 11421
472 6161 8073
274 13057 13494
409 9403 12460
279 6354 7879
491 10300 11270
921 2822 4678
263 19483 21599
521 14310 15432
631 6470 7373
417 8803 11037
238 8338 10332
908 10761 13028
310 19026 23647
797 1730 2553
845 2943 4235
280 17399 20196
186 8285 10918
604 17172 18095
872 8954 12436
598 8791 10249
788 360 1175
708 6855 7962
120 10061 11668
297 10672 12856
607 14654 16373
469 19209 23745
889 2506 4338
583 7184 8993
168 11251 13701
656 19589 26159
463 18688 21333
955 17052 20451
718 3541 5276
202 4864 5360
906 1167 2528
506 1825 2747
149 2344 2889
396 12952 15060
565 1026 1772
659 11454 13762
145 10002 13139
717 2432 3324
469 13508 17012
317 19028 23109
962 7134 9766
780 11043 14838
620 19378 23921
516 9012 10398
826 14500 18685
809 10172 13633
601 984 1763
836 11564 13419
207 6094 6785
839 11863 13380
127 17055 20160
345 11605 12325
807 12606 14902
112 8111 10010
991 16555 18556
220 5411 5750
786 7827 11165
971 11467 14094
579 13899 14773
944 274 1350
955 6387 9270
736 14559 16022
565 13202 14211
633 8817 12277
238 17259 21136
886 452 1714
992 14922 16573
365 15383 19101
466 4602 5930
426 15421 19871
346 8655 9117
457 12551 13731
