500
313 16625 21946
947 23585 37527
399 7745 12736
291 37598 38503
1110 2830 4118
212 30948 54423
400 4919 8540
187 21214 34692
314 29960 51274
52 26782 37772
649 17483 28949
1082 26111 38851
288 41320 56574
620 36577 62393
646 35655 42517
869 15660 27773
642 41192 43341
723 53682 69728
749 675 2112
370 61179 66837
845 25221 28027
888 69787 73813
927 30264 34891
255 51177 64181
947 4867 8710
52 44443 70404
209 24696 40504
606 22973 33885
448 26057 27213
443 7300 13622
161 62422 71589
330 10841 16738
929 16273 32103
443 47564 67284
879 10249 11303
859 7825 9868
68 40761 48926
967 15437 28258
704 62230 69094
496 28623 40114
803 16302 25849
97 16615 21817
1067 7360 10348
456 34652 65781
683 44990 67995
452 7886 9211
109 41868 42633
1119 18633 20221
727 47530 63541
225 17434 21086
591 34729 38563
1031 25440 29935
554 9668 14215
800 14653 23814
538 50319 53618
274 34912 39365
889 15340 24992
382 47904 49099
617 50486 54596
231 19960 34702
1047 70255 74286
415 17591 20425
1030 48340 59686
493 21648 31179
868 23663 40001
783 27571 51580
218 23269 39087
351 16406 32115
738 50617 70563
618 38035 70399
109 25156 46834
273 51686 77826
651 13933 21899
271 7315 8953
288 5211 8665
51 15814 26141
572 34763 42367
461 33702 49774
615 18751 23597
69 38306 47420
99 8303 12030
562 15255 19749
698 26146 49744
661 31045 45835
385 45529 62989
80 20531 21721
1088 28255 55704
929 17633 25797
625 20517 36179
1038 35112 43462
678 28095 52958
815 17492 22813
1071 35285 60900
1106 28015 51957
1065 33754 55588
654 36659 71688
84 33122 63020
1013 25188 48846
148 35328 37461
122 33940 37415
1014 17986 19982
717 51843 65303
1106 18119 34491
808 57415 68770
699 26893 37299
334 234 759
309 28724 51922
894 10459 13449
341 56895 77170
202 677 1298
154 27394 53555
320 53478 66474
164 48053 60017
1089 33517 57498
275 74647 78305
443 30199 44976
622 1702 3444
565 32048 40414
661 59219 63721
126 62978 63163
132 25385 47769
975 50354 72256
467 589 1407
252 53009 67110
400 15503 17997
544 39580 61647
119 42735 45878
719 13221 24211
1077 18575 28553
443 51585 55083
711 37006 67255
482 1389 2637
87 41291 58117
396 16138 19180
108 12307 21208
1113 13317 15991
855 28239 31737
335 26006 28921
341 66150 77534
971 46914 76799
602 60538 67888
999 11037 17365
883 58759 70921
141 57165 59841
744 44330 47655
758 7014 11071
140 35306 67268
69 26501 29001
74 11694 12307
689 56184 64530
592 42034 49563
1081 5892 11884
908 48174 69773
136 51285 53386
382 6078 12298
801 36605 45125
772 56264 74631
609 3012 5543
910 25055 36351
262 12809 17656
186 48003 74561
510 29521 59078
609 3674 6861
1104 758 2698
1042 30222 44481
542 20503 36238
572 19163 35361
1061 49259 78002
846 19101 32576
946 32595 56427
187 40427 49284
76 22986 33456
740 32037 35508
124 55409 66633
1095 36734 68449
696 21987 27122
825 15492 30819
366 36251 61408
748 29163 52080
280 17134 24149
1020 34050 61065
745 44547 72489
241 8671 17403
874 27987 48581
324 38154 68801
139 50137 51217
274 33224 66073
866 34411 43810
1061 21055 33245
1069 3560 4885
1112 47185 61708
688 19253 30652
685 31535 41818
4 9195 12663
856 54081 56345
101 26018 43922
551 3350 6193
742 9809 11918
192 29267 29924
459 31903 42045
280 11552 17965
1079 32575 50930
488 14277 19001
829 1 890
686 34619 42408
337 5872 6544
1043 41082 50685
120 16665 31550
65 20496 28008
237 2833 4381
844 3242 5496
800 42337 53811
320 44087 72841
449 24489 33180
533 39644 47983
89 5791 9968
937 18509 21715
241 17671 20693
37 23469 31122
45 16190 26354
641 12331 15804
597 42187 57561
187 11210 20426
426 56786 61363
776 8558 17556
811 14440 15933
334 38058 46713
725 60875 71194
817 15855 18869
432 47395 47995
1 29369 30653
28 6989 7855
432 21194 38964
764 15255 21632
512 40761 63790
42 30289 31603
1065 26454 31652
143 23695 26201
895 2785 5365
1039 3089 5370
1025 40552 58620
607 18212 32753
1040 11989 22967
239 9032 13711
743 18067 26046
498 24235 29942
1092 7351 12224
742 5907 10729
103 14630 19723
995 43317 66438
877 38413 68955
822 11256 14506
149 18384 20826
169 16853 33369
83 8111 12655
683 35043 63910
555 50560 58562
784 35155 47043
778 34901 42884
725 5735 8013
817 14072 15081
345 29354 29976
292 16622 25199
641 45329 48681
621 10017 17336
1106 55232 75741
252 28997 30255
633 34849 46571
1062 31918 59979
620 2757 3750
966 22024 26850
140 56203 62927
904 25038 46350
771 3599 7233
777 2106 4240
763 10651 14544
754 16942 31079
127 33664 52239
623 34375 54500
437 43175 56906
923 57239 71417
1044 62620 64817
375 42734 53961
331 2539 4574
263 16849 18756
1047 55969 67250
21 9898 16031
845 38061 73155
60 1790 2765
134 5642 5925
777 33257 41260
248 11455 14773
302 1330 2185
175 7544 10696
97 18709 34994
168 10738 17523
20 30687 46177
714 54111 74358
63 5314 5610
211 40815 54187
47 11215 11359
1088 9856 14093
884 31234 53931
188 25846 46379
68 21106 32829
217 13906 16269
728 45960 63244
592 21319 24053
1067 33096 57900
178 17633 29392
902 700 1736
457 39334 61847
798 13546 16652
1067 26014 44609
272 19546 36469
141 10543 13139
587 18708 37285
418 44453 61853
330 14787 19131
381 45510 57973
310 4764 5832
822 41027 50787
1006 19612 32688
24 45149 51060
741 22412 40803
257 31829 46850
971 24132 43443
823 7796 9510
90 8009 9921
867 41308 62773
649 889 2454
536 18985 24783
204 20278 39585
994 23760 24882
971 7521 9822
806 45370 69945
473 4418 7825
699 3265 4211
968 12505 18466
540 17657 26733
974 32560 40275
631 21070 39249
459 29199 47533
381 37347 58520
1118 73901 75861
683 8323 10242
416 33111 49555
781 32820 39812
390 7073 11132
449 40209 47627
121 18800 21853
483 22717 27380
612 45917 73474
98 10593 16374
722 3 778
714 28965 47141
459 4126 8350
448 16233 26086
735 3376 6182
144 22287 37690
932 73447 76880
76 50675 55403
376 24110 25597
294 24214 26163
263 43034 62132
684 10720 13608
824 1684 3080
701 36736 45751
472 32458 49081
549 14767 29597
883 43951 52904
281 30274 55397
960 28776 41551
776 10531 16299
752 62721 65345
397 19175 25141
741 22154 44256
160 26855 45032
461 14577 18464
251 26664 46153
323 31413 55314
924 41732 48994
688 54804 71681
244 7240 8100
472 57669 72825
723 49271 65590
30 27043 41747
1014 39414 58015
916 22080 34459
430 3276 6384
92 24952 44859
974 33883 52963
1074 5783 7000
184 27461 53820
526 22647 24718
310 43820 56912
149 48467 66797
224 25436 31415
343 62006 62770
640 47536 59768
740 12036 23413
406 28373 41707
853 40250 58824
103 13724 18771
928 31306 56605
662 35158 37925
828 32835 41676
165 19399 29709
933 27074 36512
936 26821 33844
366 5 396
497 36032 56255
1070 30766 53240
484 6012 10508
361 56064 70345
60 10940 16002
565 18531 23436
822 25562 34742
480 44565 66116
494 10434 20261
449 44376 47341
1070 14363 18654
110 38387 49895
831 6570 12916
625 5547 7214
717 7169 8791
316 40920 45381
273 31553 37710
311 42757 46173
378 35760 38178
1092 47130 69969
742 4858 7818
1017 1 1076
849 14359 20664
544 18777 30520
225 31410 44721
912 34943 41083
847 11316 12460
180 19415 36540
915 28713 38449
411 10046 19612
1018 678 1855
411 1533 2902
107 17481 25262
608 15956 26815
133 45992 53053
54 5908 7297
304 8626 12989
685 2013 3383
396 64485 66495
6 1245 1306
836 27444 52101
526 14538 29529
1111 27086 29200
568 55647 72302
737 15990 28808
691 27263 37199
206 14479 20644
870 51387 66135
629 32845 59303
578 29525 39061
832 43667 62561
818 10218 15446
317 40276 51029
867 13500 21596
131 36709 56748
1097 42929 60499
918 56040 64517
82 1363 1496
970 38827 65214
451 29721 54315
949 33870 61021
758 3645 7686
716 16689 22600
961 41246 68327
603 28322 54958
155 24409 27936
750 28691 35513
603 27930 35638
249 36436 44196
87 17295 26300
179 6170 11559
1062 35353 45884
103 8064 12855
540 11127 20849
132 32001 44757
380 25964 36648
72 6956 8619
231 17004 23848
647 20597 33286
371 2829 5776
119 58218 73602
389 66055 70988
293 56340 62450
971 20310 22938
1073 9618 17139
232 11641 12560
1078 28437 50720
259 43814 44471
966 10914 15129
