350
17 14 46
8 34 61
32 7 40
13 4 23
1 0 2
7 2 17
3 65 74
5 19 49
31 19 74
1 12 17
2 30 56
16 32 58
32 23 75
1 0 1
8 3 42
11 32 44
2 48 53
6 27 39
4 3 11
30 17 66
1 1 5
23 5 35
23 34 66
4 0 35
2 28 45
2 24 43
17 5 55
23 44 78
3 9 13
6 8 22
3 5 9
14 55 76
10 33 73
2 4 7
6 15 22
18 45 66
11 58 73
3 37 43
41 8 64
18 0 25
5 40 56
1 9 12
3 3 12
2 18 53
1 0 1
3 29 42
10 55 68
11 67 80
49 21 75
2 19 49
6 31 53
15 7 49
7 15 29
63 2 73
25 49 84
2 8 14
32 24 57
5 42 49
3 0 4
12 37 68
12 12 29
7 13 62
1 46 48
31 35 71
4 4 11
8 1 13
19 23 52
5 26 47
5 36 52
31 15 74
7 23 36
5 14 23
4 19 28
22 51 74
25 28 59
1 5 7
30 29 79
24 5 44
24 46 72
11 33 49
3 16 23
24 30 74
11 7 61
2 32 38
1 4 9
1 1 5
9 26 56
37 0 56
4 15 32
4 25 31
4 3 8
18 3 61
17 18 45
1 23 40
1 9 11
3 14 30
36 12 86
1 1 4
12 3 55
17 3 47
5 8 15
7 20 65
1 11 15
19 29 81
1 37 45
2 0 3
9 30 50
1 2 4
1 33 76
12 31 59
16 32 56
1 28 41
1 27 29
32 18 53
74 6 85
4 2 7
3 1 12
4 0 16
7 17 28
44 24 75
7 37 51
43 6 75
3 0 4
33 11 49
2 38 53
11 49 66
6 3 12
19 10 35
2 4 8
5 36 43
3 49 80
1 3 6
26 14 47
1 3 7
2 1 4
6 52 69
1 28 30
3 53 59
16 0 23
9 11 27
1 2 4
2 7 14
11 45 60
21 34 59
2 8 15
8 20 38
1 0 4
6 40 76
3 46 74
1 3 5
5 23 41
11 4 25
4 4 28
24 12 37
35 31 72
24 39 74
24 38 64
31 12 83
18 0 27
4 0 8
2 0 14
24 22 52
7 1 18
1 62 65
16 2 67
1 8 45
4 22 69
15 19 50
14 24 45
53 20 74
1 63 73
3 32 57
4 2 7
55 10 69
6 14 23
2 13 30
10 46 64
7 43 54
6 38 58
6 5 53
3 18 26
1 15 21
3 7 47
9 32 51
1 0 2
18 60 83
15 8 30
21 30 53
4 0 5
1 37 43
2 46 53
36 23 84
2 49 62
6 6 19
18 12 39
1 3 8
1 0 1
2 20 25
25 9 68
19 15 60
1 22 25
6 30 40
1 55 57
17 32 54
4 3 13
6 56 65
33 3 51
5 36 58
1 26 28
10 15 46
3 14 65
5 12 20
4 16 21
3 10 20
2 4 8
4 6 12
41 30 73
1 1 3
10 1 67
30 36 76
3 7 58
18 25 52
3 2 6
1 6 8
39 26 70
4 15 28
1 42 44
2 25 29
23 18 43
12 18 33
33 9 43
46 5 69
20 35 77
1 7 12
28 20 50
10 16 86
12 25 51
1 1 3
3 2 6
29 16 78
20 41 85
11 19 48
12 3 16
16 35 60
10 55 72
10 23 34
7 11 21
27 29 63
37 7 70
5 13 19
2 6 10
4 1 11
2 1 10
47 22 73
1 0 4
23 27 52
2 6 12
3 0 6
30 13 48
17 0 23
3 31 62
31 30 72
2 4 12
29 15 81
4 2 15
1 0 1
12 14 75
16 21 70
20 39 64
31 37 80
5 24 32
1 9 39
1 17 25
13 18 44
10 4 20
25 23 69
10 22 86
12 45 66
23 20 72
4 33 40
17 15 53
27 3 55
17 47 68
63 10 83
6 36 50
6 9 16
32 30 74
12 13 28
8 47 70
3 34 40
2 62 69
9 25 54
5 6 16
8 44 55
1 51 54
5 13 29
2 11 14
26 53 81
3 21 84
15 66 84
14 36 66
2 10 17
1 0 2
13 14 53
40 18 76
30 6 42
1 3 5
14 0 39
4 52 63
13 17 44
22 14 45
3 15 27
4 55 63
7 54 63
2 4 10
7 13 23
21 8 35
23 25 62
1 0 2
2 2 26
1 0 2
14 2 53
9 4 21
23 9 47
4 33 56
21 9 49
1 4 42
2 12 23
5 10 17
21 13 85
5 5 30
5 28 69
6 9 23
5 33 47
17 2 20
1 0 2
8 10 21
27 20 58
21 20 42
9 12 27
45 8 54
1 0 9
13 24 44
3 12 17
4 8 13
3 19 24
15 6 26
14 24 41
7 15 32
15 14 47
