400
5 10 21
16 1 85
2 20 34
8 21 55
29 30 96
3 5 11
21 52 94
8 68 77
18 42 61
11 8 23
11 9 28
1 5 7
19 41 63
9 4 26
5 26 32
7 66 75
24 46 76
4 41 51
25 27 85
7 1 31
23 5 88
6 9 29
3 19 23
8 12 21
7 19 71
24 1 31
27 8 44
13 11 34
2 4 17
9 28 74
8 78 95
4 58 63
34 0 89
1 16 20
14 18 45
59 9 88
3 2 21
12 18 42
4 20 28
2 1 5
11 23 35
1 2 4
2 6 34
2 18 23
5 5 23
26 6 33
8 67 83
1 19 21
19 2 26
2 7 27
9 62 77
25 41 89
6 4 69
5 79 94
8 75 84
4 87 99
11 11 46
1 0 1
3 27 34
2 48 57
9 30 53
3 15 51
7 14 40
7 44 67
5 70 88
18 30 65
37 30 83
5 21 43
3 65 73
14 56 74
20 18 70
14 12 27
1 26 60
7 5 21
43 8 53
13 27 45
17 2 34
6 1 48
21 73 95
1 49 52
11 54 68
5 14 25
10 42 54
16 6 29
6 20 31
35 48 88
45 4 65
12 13 50
26 11 90
22 2 45
21 28 65
1 22 33
2 16 26
63 11 83
7 30 43
23 4 66
9 77 93
41 13 58
3 0 6
22 1 85
1 7 10
35 16 61
22 40 76
22 35 59
34 43 88
3 0 6
6 13 34
3 29 37
7 9 90
1 26 28
16 4 21
21 10 63
1 26 28
45 9 76
13 32 56
2 37 40
5 44 53
30 43 81
3 5 11
16 40 61
13 39 71
1 32 34
1 0 2
1 1 3
28 33 85
14 2 21
1 67 69
9 72 84
18 21 47
3 7 11
46 18 67
1 36 39
15 31 47
1 22 25
5 70 78
12 16 39
16 39 63
1 48 50
12 8 33
1 24 27
2 9 34
1 27 57
4 7 32
34 21 56
30 17 74
1 54 59
16 53 93
2 5 9
1 11 15
12 13 26
11 18 59
5 55 98
5 49 63
4 0 11
21 30 52
3 93 99
13 1 16
3 4 79
5 45 55
43 53 99
6 0 8
33 8 43
6 26 45
2 68 71
7 75 90
24 18 79
10 42 55
31 41 86
3 67 71
1 8 13
19 9 32
1 25 28
13 68 85
4 10 25
4 0 5
24 21 50
1 0 4
21 16 86
4 37 48
23 1 26
6 21 50
10 10 73
4 10 19
56 1 68
5 3 84
25 7 40
1 6 9
45 16 85
12 2 15
2 2 6
2 2 5
9 14 41
19 32 56
28 25 78
9 51 68
29 39 88
9 51 68
4 10 30
11 41 59
3 1 64
10 18 36
6 61 75
14 24 53
34 3 47
8 29 43
14 13 52
22 12 39
2 21 26
8 33 45
13 14 96
5 5 18
5 9 34
19 19 41
2 26 29
7 2 18
2 17 33
2 23 28
22 29 54
1 1 3
31 45 90
6 0 8
13 9 35
1 0 2
41 23 96
18 3 69
3 34 47
21 17 72
12 24 40
3 71 75
5 25 41
34 63 98
2 0 11
37 19 68
21 34 67
5 40 53
3 11 53
33 49 88
39 6 61
9 71 87
3 60 69
36 18 78
1 23 25
30 5 43
13 13 38
8 59 78
1 4 6
23 42 79
2 59 64
47 25 80
6 8 26
13 8 23
1 1 3
12 7 95
21 27 62
2 43 49
8 16 26
6 54 69
1 0 54
8 29 52
9 28 95
19 5 32
10 19 83
5 32 62
47 6 89
5 37 43
9 34 50
5 3 17
26 7 46
24 18 56
16 40 99
4 8 26
27 10 48
63 13 89
4 14 70
7 72 85
10 14 73
2 52 92
8 25 35
22 63 89
2 30 33
29 9 57
3 13 41
3 48 53
40 14 81
1 28 31
41 17 81
7 8 19
3 11 17
4 28 35
1 31 45
23 24 51
18 37 71
2 19 30
9 35 47
2 2 5
3 8 13
10 1 31
21 14 57
1 14 28
74 16 92
42 41 93
2 5 8
21 16 39
6 69 83
12 1 25
3 8 14
3 33 73
1 6 19
1 5 7
3 59 64
12 41 57
23 28 57
5 1 8
10 58 82
26 4 52
5 84 94
2 28 32
42 8 55
1 66 68
22 1 24
2 87 93
31 5 56
5 33 42
3 3 19
7 0 11
5 21 31
25 22 64
5 38 52
53 4 80
25 69 96
1 29 37
5 3 40
10 79 90
3 26 30
2 32 35
13 57 80
12 42 72
28 46 75
1 0 2
12 33 72
13 62 86
3 3 9
70 16 88
13 32 63
7 3 20
1 15 26
7 33 79
49 20 85
2 15 18
39 10 60
6 20 27
2 49 52
19 50 73
8 4 43
2 24 28
2 34 48
11 7 31
24 35 99
20 28 64
37 10 60
10 10 24
11 2 16
3 5 10
9 5 20
8 6 15
31 31 87
19 47 83
1 0 1
9 23 75
22 54 99
9 3 22
1 58 74
5 8 19
8 88 98
13 22 52
6 9 16
3 29 38
4 42 51
15 26 53
18 44 77
1 86 92
1 31 34
33 12 59
1 27 37
4 17 25
42 27 91
1 16 64
11 27 39
3 7 35
5 14 26
1 22 24
4 64 70
4 36 55
4 15 25
1 39 71
6 1 18
1 2 4
1 70 78
52 34 94
21 24 48
