300
771 12935 17611
815 19497 23839
645 6763 9801
553 973 1682
318 910 1507
416 8513 9454
271 26893 29328
77 19930 22397
502 25690 27302
216 21252 36430
184 8276 8933
667 2094 3649
165 17413 23526
411 22554 25851
599 8450 15055
622 3463 5365
303 28480 30010
235 10025 12925
486 18377 19135
181 11479 17836
368 1918 2745
759 23377 26753
428 9274 12660
614 24502 30333
32 17821 19175
55 19180 21505
96 1741 2904
535 18516 33763
101 14692 19387
766 2337 4725
531 11652 13613
412 18086 20566
808 12197 16838
215 32003 36176
538 6703 9860
804 7417 11327
369 20266 23262
790 13826 20471
303 7997 15116
164 3371 5567
191 9837 13800
438 4671 6885
344 5229 7978
268 848 1604
529 5443 6130
504 2308 4734
687 12850 22448
618 15459 21466
562 18555 23052
395 23244 35163
520 31606 36190
644 16986 22302
731 14154 15956
250 1290 2341
136 22096 29484
535 6317 10432
116 9692 15867
54 9786 11838
822 1077 2467
281 13099 16838
83 7019 8964
447 25896 27233
188 3677 4192
401 17660 19628
749 8471 17651
820 15847 30354
642 7253 12553
266 17345 17934
319 29944 36529
618 9056 15736
584 9447 15909
282 20599 25320
124 11229 18613
37 30219 30747
586 4810 7608
825 11310 18818
254 4528 6416
620 6989 8638
455 14415 28468
34 1704 2942
566 2269 3743
230 8590 12595
733 2740 6091
220 3543 3886
27 328 593
227 17065 30061
512 21114 25772
556 15332 19270
416 20874 25760
335 10397 19324
736 13881 22850
414 8898 14257
400 4009 6733
417 15234 20550
161 18213 25000
18 11997 13469
708 31964 34433
474 18630 21692
77 16515 21440
674 27157 31788
152 35 203
795 14638 28469
621 28145 31462
578 26758 28700
282 19185 24320
827 7996 11115
133 29992 35299
250 15903 21350
36 5577 9009
251 29984 31020
194 12771 23341
674 2079 4712
459 6435 8696
573 15686 18469
666 7738 13291
15 17414 17628
322 7652 12948
802 2713 6221
464 13798 24014
42 20163 21549
512 24888 34325
817 1726 3385
333 15167 17932
181 8492 14473
187 12506 13500
548 11453 22975
604 12794 13586
419 11991 13439
730 22655 25012
533 1412 2075
671 13143 18656
738 6662 11239
217 5858 8213
813 2898 5743
342 14244 27997
778 17648 33455
646 14043 20333
680 7005 12204
391 2665 3182
578 18790 32081
513 23642 25562
331 32079 32607
93 13748 15574
664 29594 35145
427 10054 13924
543 4618 5313
491 10337 11460
564 9003 12348
80 9253 13021
444 1601 2758
538 9751 15060
87 5909 8733
16 2274 2494
293 17863 20785
458 16922 19362
126 13387 14392
4 14784 25859
360 18131 27630
42 16653 18871
421 14699 19781
251 23783 28749
752 19393 27023
805 6448 8015
481 21828 29670
23 14584 15147
69 23218 25941
719 8759 14275
312 14886 17728
41 19256 31064
585 5358 6847
379 3918 7135
515 3855 6310
480 18682 21068
655 4301 8534
291 17029 29029
422 1692 3631
755 20607 32611
72 15583 27981
798 13879 18588
664 417 1308
28 13762 15084
165 5511 9722
729 18510 34247
457 18881 25396
429 447 1166
544 24374 27896
680 12709 17569
110 17759 29152
238 17400 21728
803 11881 14796
608 13031 14265
742 8556 11932
298 14922 20110
624 641 1378
34 2061 2795
444 7142 10215
291 4345 7839
672 13956 20095
826 1097 2584
814 9948 12984
169 31026 33188
229 2983 3992
492 521 1080
622 18467 32177
61 12201 17391
49 27248 32236
89 5166 6185
717 17604 35942
494 1950 3125
455 160 702
536 5685 10939
424 16370 26223
456 20995 27510
476 13738 14797
13 10120 19197
473 25639 29811
257 3546 3990
86 12005 21168
517 0 554
231 11650 16157
761 3431 6989
364 19972 22069
562 7194 7977
208 22402 22804
329 27063 30702
471 11479 16679
53 13957 21612
444 24354 29239
494 34236 34776
388 18684 34747
492 15253 16757
474 15801 28078
763 9144 10274
173 24985 33674
419 11612 15265
686 21000 26790
486 22298 32617
97 15703 25883
767 7647 9530
180 14677 25765
192 29632 30217
358 7122 8407
651 9 704
605 25191 31488
74 33812 34854
406 29596 30790
600 26798 28660
458 6224 11745
748 15903 23875
348 13133 18957
104 30084 30819
296 3036 3702
514 13845 25210
829 22296 24894
342 11080 16524
158 281 558
820 844 2273
44 10251 15918
147 7998 12098
502 17760 29027
363 14448 15473
483 6796 7374
279 10242 16217
403 20333 29682
30 1 34
588 27253 30696
305 27695 35624
80 5716 10363
468 17798 24824
776 15903 22579
9 11159 11779
780 13127 26747
252 18037 19638
799 16250 21213
323 14590 24223
160 4867 9107
595 5439 10442
332 2185 4004
77 20958 27600
257 6493 8689
551 9536 16162
794 3783 4866
537 6444 9272
296 17755 23127
294 7245 8865
599 16127 17321
463 11084 21075
343 7 384
592 28102 29295
416 13017 21669
601 2383 5382
106 15337 25887
419 8049 11769
747 13852 24657
601 5184 7519
352 31587 33000
696 22260 24017
713 25516 27568
783 29311 33486
127 18348 26037
