100
446 7277 12040
190 1916 2874
585 6166 8011
752 2479 5372
603 2088 3113
98 647 785
257 2149 2526
533 2091 3296
385 4269 5744
19 6518 11196
526 7479 9325
665 8718 9489
777 7894 8779
733 3688 7372
169 10824 11640
521 6651 12621
741 3552 6739
465 5367 10861
755 6985 12456
254 2084 3079
108 10971 11299
808 3 861
241 3247 4875
297 3780 4483
148 1407 1684
330 9257 11135
400 10864 12252
374 1326 2783
600 4772 8041
430 8530 9247
196 2780 3090
618 3846 7421
750 7000 8868
196 4346 5975
86 3134 4568
370 11102 11791
393 3308 4148
554 3096 3701
626 9374 10180
776 12216 13657
573 3682 4458
681 894 2325
535 652 1497
520 1066 2452
360 419 1165
780 4274 6240
638 2868 3808
789 3326 6803
287 2428 4950
488 80 665
513 5299 9873
449 5651 7914
774 6036 8125
798 1025 2073
211 2989 3532
10 2092 2363
349 3476 4475
212 8183 11426
652 7286 11169
547 5219 10479
620 6020 10756
634 2895 5228
287 15 322
75 7237 9775
207 1 224
34 5720 11183
575 5489 8754
86 13 110
100 2441 2664
633 208 904
99 2779 4597
276 10684 11383
106 4173 4611
494 2597 4082
301 4415 6567
342 815 1594
133 1826 2242
510 7248 12801
822 7698 11073
806 969 2718
673 6246 7294
724 9076 10057
540 7960 10351
97 4966 5318
297 726 1200
585 937 1830
63 3640 3793
745 7263 9695
694 3548 4549
529 5872 7371
698 4438 5747
725 5430 6565
371 1854 3517
702 5386 8774
155 1043 1869
180 3282 3722
269 3524 5190
775 264 1189
602 3831 5908
624 8850 11531
