450
244 15285 18010
280 6262 7428
191 1029 1241
200 1953 2666
540 15167 18338
290 9077 11993
846 13519 14736
144 5107 6325
108 453 692
783 17472 21714
698 15012 17639
905 22467 25223
935 22108 24937
370 4769 5626
549 21745 26074
589 524 1286
667 21119 26333
572 838 1746
889 6669 7908
154 8560 10802
372 22190 29181
303 9382 12463
791 11060 12791
340 9562 11187
750 10961 14486
795 14540 15934
854 22143 24734
725 17635 22165
394 6046 7661
668 10324 13925
864 465 1586
951 15921 21916
940 7769 8976
427 21727 25777
844 20236 23982
903 8900 11017
523 8549 11294
987 13201 14863
968 1479 2700
664 10884 13952
190 12988 13521
556 1986 2697
485 4747 5785
804 11488 13547
484 19829 24465
246 12344 13024
654 2478 3880
100 12871 13082
197 10203 11923
316 19597 20640
154 9707 12808
402 4092 4994
933 22307 29760
168 8673 11409
487 8793 10470
150 17296 21400
461 21817 22720
367 5060 5779
257 13164 17169
598 10491 13497
456 15939 17792
371 6446 8357
211 15760 19300
288 6903 8470
318 11255 12398
956 7379 8351
485 18630 19813
103 7099 8550
244 7359 8565
980 22486 25177
646 13680 14503
151 14864 16967
494 13993 16982
407 9842 11367
384 18037 20919
281 14463 16683
746 13405 18198
346 11129 12564
703 20527 21758
658 19851 23721
955 4442 6217
753 8469 10079
791 16608 20174
756 9281 11048
833 21272 24968
468 10960 12084
458 7225 7818
716 18090 22299
123 12440 13191
343 7855 9669
362 4389 5722
876 18292 21863
336 520 871
394 14407 18892
480 17770 21420
212 17361 19674
575 1398 2536
568 16861 18416
531 12475 14824
219 8461 10482
543 11608 15417
177 9417 11430
172 16278 16784
439 6759 7464
154 6590 7217
518 12163 13146
279 8165 9314
974 2185 3441
781 3114 3954
560 14874 18885
114 11068 12697
361 11461 14867
949 13993 15775
410 17157 21143
718 14425 17623
845 3303 4734
493 15911 18150
897 16174 21931
627 9140 11916
657 284 1039
521 11686 12512
190 1125 1592
769 11895 14593
754 17609 21387
340 10761 13204
894 13495 18411
394 1950 2978
818 20182 26269
153 1516 1683
273 15950 17105
110 20420 20666
487 1995 3105
536 1156 1728
577 2030 2739
983 6197 8380
680 19933 21326
988 7919 9702
720 1166 1960
429 5196 7224
194 680 1068
288 18194 23782
317 17360 18965
638 19661 22916
557 9901 13561
627 12324 13571
311 12353 15992
528 11209 13011
959 1115 2447
133 2895 3871
331 8673 9753
575 19410 24315
614 4084 5974
278 2131 2872
160 20943 24267
178 746 1021
950 12302 15736
562 22282 27141
827 12274 14686
177 8192 9413
554 13487 15688
238 9783 10630
797 2389 4084
858 8317 11250
299 12879 15726
274 9167 11909
513 11893 14504
450 16365 21232
731 8749 12007
870 14682 19444
722 22070 28984
848 10497 14228
889 4737 5780
808 5500 8037
809 12531 17224
712 19167 21171
917 5146 6804
294 13187 13516
585 7186 8988
280 17386 22583
140 17463 22133
729 14873 19563
304 4847 5205
577 18263 19317
714 18624 22612
713 2626 3510
274 14640 19008
157 21833 25411
367 11407 14758
810 21020 27325
121 10012 11924
954 2463 4399
633 6700 9157
637 13828 17995
215 9291 10171
939 22193 26531
207 16290 19760
185 58 257
565 1098 1984
258 6342 7967
476 19088 21197
566 6701 7954
902 7175 8400
490 8617 11377
390 11001 11683
220 20716 24669
244 21222 22785
959 6864 8488
994 1957 3152
480 9197 12050
387 11227 13675
560 4596 5996
226 15349 15919
464 7140 9733
538 21950 27692
873 12935 17875
758 15761 21440
172 2813 3781
167 14377 18039
966 20028 22271
401 17520 20404
986 9990 12335
856 3329 4227
677 14833 18039
207 21684 26738
158 6427 8448
740 13794 17252
140 10664 11600
635 12745 15720
819 12000 16439
216 6849 8449
246 8404 10364
774 17245 21946
351 12886 16869
963 9538 12840
477 11524 14755
399 1239 1688
181 4747 5154
509 13551 15996
928 15157 17642
636 14201 16538
699 199 1141
977 19440 26011
843 9532 11779
103 5423 7105
290 19716 21884
714 19748 21191
280 907 1283
809 8346 11528
590 1026 1685
887 12561 14120
853 11417 14114
360 13013 13432
303 17084 18460
259 10552 12643
836 12665 13805
887 5744 6898
189 18720 20331
495 2201 3268
651 13128 15662
731 9543 13074
994 7029 9611
372 8582 8969
855 4963 6478
294 14910 15576
461 9262 11846
941 7458 9801
931 17161 22797
307 183 541
247 560 834
666 7561 10562
837 17074 20245
481 20539 26650
734 7369 10379
515 20746 23180
741 6369 8360
617 1727 2674
157 17925 23381
748 7986 9653
333 14429 15693
472 22060 27075
680 7197 9456
786 9208 12190
646 21837 27005
468 12079 12852
684 21591 28859
347 9203 12030
274 11143 12763
385 11703 13298
743 9734 12937
788 14213 15595
323 11446 13327
863 3860 5833
670 18541 19247
471 1125 1727
155 6648 7869
803 14000 15698
113 8060 8292
144 15124 16939
845 4884 6431
750 2801 3619
642 6031 6953
361 16159 20216
757 9000 10926
420 4795 6159
417 14323 17497
282 6877 7487
201 20024 24953
126 21680 27961
639 10751 13844
219 6752 8648
989 22378 25375
443 21323 26416
712 4356 5187
613 12099 14033
964 21807 29593
380 6829 8454
415 16745 19705
796 19833 23331
476 11339 13655
155 2095 2529
566 7690 10127
279 10136 12696
999 15329 20176
599 2960 4407
997 19097 25914
462 9981 13141
593 12329 13731
557 8274 10869
933 1899 2989
389 15011 19187
459 20698 26332
400 14789 16574
765 20812 24019
666 12279 13177
133 19425 22661
875 9041 10675
196 12281 15680
593 20975 23412
836 2721 3661
124 16262 16974
276 5199 6377
541 9870 11123
331 2862 3664
721 10038 12891
808 9581 13134
415 6373 8624
541 17952 22764
734 14963 19376
169 6085 7094
150 289 520
972 21553 27466
242 11498 13590
936 4908 6680
993 2794 3916
436 994 1634
591 10851 13590
281 1428 1801
973 19620 26133
186 12847 15916
754 15250 17182
123 20658 25902
455 3735 4194
885 1055 2249
649 10940 12847
633 5016 6807
543 9415 10786
260 19655 20873
150 8256 10292
723 1086 1872
992 12715 16105
859 8015 10835
813 22078 28015
477 4169 5649
872 9516 11194
651 15042 18980
942 14402 16451
490 10986 12532
624 14295 19081
347 15087 18013
413 11697 14082
158 15140 18001
700 1744 2953
398 7065 8876
204 13192 15334
328 8680 9947
861 18218 23393
343 9680 11642
791 7598 10629
122 21438 25349
983 14624 18458
609 8775 12192
663 3425 4907
418 22030 26068
498 6829 8958
967 17602 22165
521 6728 8046
221 2534 3350
950 12152 14287
255 7492 8951
318 16349 20609
467 4819 6246
420 3154 3665
888 19610 21338
776 4830 5927
674 743 1762
861 7710 9329
642 4408 6296
175 6819 8807
332 169 618
612 19916 24378
836 17014 19456
242 12239 15280
901 16808 20538
883 7034 8912
480 14459 18977
161 18222 23587
558 8525 10627
483 19836 23992
606 9969 12740
667 16299 20121
478 4408 6185
622 17498 23196
191 13099 14269
435 3862 5446
886 3803 5085
747 5004 6373
109 15903 16166
220 9131 9736
790 10486 11503
125 8214 9654
813 5586 8243
543 6863 8223
406 20228 25827
219 21450 24864
616 3780 4571
352 11776 15110
839 13087 14460
247 8828 10420
795 18629 20498
272 7288 8994
313 15698 16925
476 11689 15550
642 9401 12053
803 8601 10989
951 171 1206
519 7727 9858
696 10227 11362
485 20660 22601
790 689 1729
659 21429 24945
