250
40 6521 8286
373 4281 8105
90 9353 10377
42 7899 8336
246 7473 10536
90 1519 2366
172 10038 10277
224 1718 2233
224 4343 6009
82 410 867
72 4645 7257
107 6592 8419
168 6572 10121
343 157 539
354 8630 13105
166 6791 12618
96 3937 4309
256 3683 4938
326 2909 5286
68 6066 8804
26 7252 8911
193 3138 6284
79 4713 8237
229 1450 3137
20 6351 9361
342 2131 2849
88 4782 6762
299 2499 2937
115 5823 10875
234 6586 9934
121 468 784
147 1803 2671
320 125 554
366 5101 9239
109 7324 11353
287 6753 11233
90 4376 6282
213 1764 2187
185 5965 10744
280 5889 7640
138 11601 12059
275 1229 2485
192 7815 9181
108 8523 8879
242 2515 3906
188 4070 7492
236 9016 9587
66 2763 4664
106 1792 2893
259 7226 8385
363 7290 8471
209 9905 14196
185 5462 6293
211 6755 10751
200 4102 4399
157 5467 9536
360 884 1504
104 3851 4401
16 718 1189
111 11626 12997
13 5683 6178
287 7252 7699
228 8525 11804
164 4951 8240
51 4798 7700
188 4011 5618
72 3808 5011
276 6178 9528
171 1985 3771
82 4385 5375
26 1975 2264
103 7261 9334
325 7594 8999
125 7269 8125
247 5899 7285
136 5690 9682
14 5507 7337
170 4851 6777
80 2791 3291
138 3500 4057
60 3062 4588
247 33 334
55 7870 11149
230 5829 9158
57 4552 8300
271 5895 10092
44 4418 4924
15 5783 6794
178 1693 2673
16 6629 8824
293 602 1098
104 13068 13216
136 3467 6553
55 4403 6416
209 4529 5568
105 7294 11038
129 6359 8968
70 2249 4437
325 4353 8060
300 8265 11683
48 2696 3143
100 7091 8068
201 400 774
196 4457 4872
244 2964 5888
359 8648 12195
280 5777 11507
123 5148 6553
80 1544 1961
189 4869 9204
295 7099 11014
184 5959 11350
288 5591 7320
154 4744 4932
198 5600 6642
370 1884 2478
83 892 979
380 3079 3546
95 2186 4357
337 11384 14558
205 2404 3926
196 1 206
161 8346 8654
138 10748 11195
11 9201 13221
177 3124 3483
211 3113 3707
340 3208 5303
380 3163 3961
264 6671 8763
195 316 653
187 3907 6998
147 5398 7953
32 6043 11614
28 861 1680
44 3427 6158
104 2884 4518
1 5179 5202
178 2880 5201
133 4474 5762
351 501 1357
102 4419 6394
103 3525 6403
335 3672 4286
102 8075 8729
202 2855 4754
344 2987 3591
378 12944 13967
370 669 1114
219 4845 5441
277 2527 5047
234 2831 4655
280 6010 11558
154 4 172
272 1094 1645
323 2462 3285
341 1793 3223
56 5184 6455
231 6165 11753
318 8072 9958
371 9373 10525
121 4414 7392
228 7070 9791
121 4048 6072
200 9229 10275
178 4878 7178
217 7437 7722
297 11810 12255
247 1490 1998
308 5745 11086
107 3519 4429
357 7836 12878
162 1532 1863
18 645 892
297 681 1510
152 1341 1558
30 6496 9215
93 4427 6661
316 4701 6984
189 5042 6093
181 6594 6947
141 5877 7796
318 1371 1906
5 8469 11250
230 6218 7010
46 244 442
211 5528 6109
311 13156 13551
320 4716 6355
192 515 1172
182 2580 4252
297 2618 4765
15 596 961
91 1667 1872
184 1139 2108
228 2646 4205
211 9331 11240
353 9100 10522
373 1151 2510
368 6178 10930
367 455 941
43 8563 10922
169 9497 10697
286 5020 5883
78 7415 7990
330 1767 3639
247 1188 1774
379 2852 4173
170 5217 7902
188 1245 2072
164 3145 5614
56 3003 3202
200 1351 1731
257 8283 8619
160 11342 11930
196 8069 13203
97 4099 4534
328 6724 9944
50 194 392
105 9877 10058
254 6986 8844
176 7757 10149
132 4709 6429
274 3731 6753
3 9587 10525
159 4616 9334
140 4371 8572
343 11883 12431
27 2853 5407
339 6301 7315
307 4789 7642
124 5464 10511
91 11932 12721
36 3425 6592
268 634 1392
209 8653 11909
25 7359 8154
257 4256 5334
322 2 354
376 2315 3088
370 5171 9609
221 1929 2612
57 2 63
206 9660 11577
211 5359 5937
89 2543 2773
339 184 718
85 6427 8480
271 6130 12493
377 3036 5704
