450
781 23908 47661
23 6663 8960
485 18295 27343
651 2765 4522
800 45861 52253
988 14816 15924
286 54596 57181
1194 72789 76508
246 643 1486
972 27406 46841
650 24772 39036
1129 37151 56197
1114 5980 8607
614 29182 43910
880 19583 21449
720 833 1900
307 28973 49793
766 5973 8778
1188 865 2172
849 27975 52441
834 6750 13152
681 35325 69763
333 61355 65856
137 51429 64192
290 17169 21828
785 8777 16675
869 23528 29718
328 51876 80073
1161 448 1945
621 11994 19796
945 33284 55289
472 40865 54997
824 46666 66791
1103 18246 19605
757 1754 3556
18 29196 47561
1006 65421 79708
12 35470 46569
19 2463 3261
80 25959 37850
631 39108 47350
20 32637 40865
320 34627 56368
1120 25930 36195
84 22033 35524
412 7468 9703
201 6711 12402
886 40056 73874
913 21020 37181
1017 56670 68711
747 44017 49506
952 37351 45800
39 25321 31620
981 13103 23605
837 11125 15508
282 24501 26884
1083 73110 79812
1054 27191 33304
524 2059 3817
475 19765 21972
154 14063 17432
1122 5425 7166
251 61903 62593
1092 30559 52809
807 9346 11214
87 30599 40437
847 27495 35431
339 10808 19281
718 32491 40960
577 3477 7380
951 55904 62317
1151 28872 32888
691 45230 72259
1189 35828 40341
1160 37569 60016
168 63426 80490
874 8749 14085
233 55140 66655
494 27133 34142
818 6 893
778 22237 35613
971 11817 13630
851 43184 61518
288 23426 28178
481 33953 57432
314 43274 62854
584 56329 59383
119 27199 54495
388 44635 45604
42 32436 58738
1057 42381 72712
667 18488 19994
172 36732 67900
1168 25866 30511
224 1248 2704
520 51694 58223
706 22426 28118
907 59417 69689
345 29614 49028
640 15832 17364
831 34748 37081
621 39635 56869
711 5896 7948
242 31018 53883
1187 15140 17189
269 9544 17657
986 20285 29267
715 42930 50062
501 14622 16016
191 8752 10066
207 31388 57663
725 34697 65491
590 60065 64834
144 9622 14812
357 31396 48381
460 38788 73118
949 9719 17054
879 52659 54362
384 19952 33729
1169 22478 28797
1143 26590 43224
400 42306 44215
74 13313 26116
149 24502 41769
591 17251 25603
134 34811 66397
148 9543 11329
78 32652 52982
614 28371 32379
1156 29000 34514
261 1963 3239
1194 55894 82097
909 9433 11168
169 32941 42002
1109 34106 64044
452 5113 10200
786 41685 46517
1012 54684 65918
546 50602 60694
295 28651 30555
1036 2425 5934
1200 53272 57200
147 28875 31571
612 13044 15462
814 31559 38283
410 43703 52894
959 34116 47536
787 19107 24470
901 68292 71568
877 44366 69590
354 45440 53413
250 311 695
721 13719 22694
701 33615 39035
60 39630 74083
781 5540 7795
749 28281 38876
28 29942 46551
837 68481 75460
789 7845 9792
667 10825 14073
791 34213 58690
6 29006 34776
634 24164 26828
36 41173 41808
1100 4699 6202
540 21084 34765
295 13838 15835
1067 23785 29273
985 32671 46213
25 15738 26147
42 3152 4830
450 27083 39387
201 41209 55507
105 30253 30755
389 14598 29041
1116 24266 33602
1104 31727 44797
386 33650 48655
191 39282 43793
760 10893 12564
813 5907 11926
61 6833 7859
297 22083 27168
55 28811 55932
883 53281 65490
1037 24554 42003
267 22878 44766
735 44877 51208
903 4666 9255
1081 13712 18224
242 12855 22236
233 2254 2954
1126 32179 64694
1069 12760 15846
1183 51459 76729
450 8635 10817
883 31039 48606
282 8069 9338
409 38511 59128
100 33146 52608
641 44029 48239
159 45432 62515
511 47987 75197
804 17893 21065
1202 23728 33250
822 36256 60285
901 34559 69019
99 49874 56913
274 21346 28609
1147 22920 26851
1047 43313 72222
1166 18094 34188
512 13250 19130
801 28145 37212
586 15276 25052
487 46662 56020
248 26962 40699
375 54105 54822
64 16591 20811
978 62671 67618
489 31625 60576
834 3424 6478
78 6656 8273
566 42598 65917
303 57043 63145
397 20978 21669
94 3066 4777
967 12337 14659
173 7108 8182
1153 15884 20816
476 1255 2456
742 47852 77541
1114 37006 41121
76 54153 78640
608 31440 57844
490 25768 39909
1036 14762 18563
1056 22281 36672
1072 23976 40172
179 42086 54081
930 4235 5593
644 42572 50414
663 21106 34452
1036 15954 20742
4 28327 39391
448 14692 20482
526 45483 57751
985 39656 51536
1134 5808 11029
862 34801 40833
1001 32631 38907
553 41342 43837
304 26600 27861
533 44791 68638
722 33745 48691
1044 6700 14140
857 3092 4065
66 14569 17266
352 17330 20179
211 15165 19544
234 6277 10329
1144 54476 63229
1015 79704 83189
279 61431 63447
750 3440 5752
979 34555 43613
24 35733 67930
1155 20723 24867
1056 43617 73829
937 28112 53613
1201 37085 62810
410 29439 46659
355 46978 70069
236 45626 64555
657 52851 66547
936 3776 6768
204 45883 53034
804 23826 38072
828 32323 45661
76 11416 12298
600 7264 14714
344 49894 72626
494 7916 14625
895 43560 64194
364 7100 9172
310 48103 58088
855 58775 60049
655 17348 21519
196 5 216
924 64202 80787
572 20368 26364
617 33936 50463
636 41630 42682
529 51956 74655
864 1390 2408
305 8981 12264
798 20585 25733
80 28564 53239
1076 30097 54421
180 22639 24249
262 30422 40994
247 45196 51656
1166 5722 8935
40 43158 52490
13 31427 32912
24 38248 49298
995 32749 37762
375 9 415
908 27318 30636
819 55224 70652
574 22807 29670
435 39552 58685
252 45068 49268
666 22979 24967
1044 5 1120
943 36244 71095
617 22759 35128
836 26605 50427
226 32719 42557
302 26961 47923
966 13574 16863
1189 16821 18920
218 3523 4735
930 45262 54267
707 1955 3159
1171 36812 43243
699 4788 6955
945 30444 39891
1008 47171 77580
1077 27950 38325
933 16713 31727
692 21276 35873
1019 14887 19307
840 12688 23588
976 26599 47594
894 26253 30232
807 17444 22693
820 37008 71518
17 36213 53151
762 1182 2719
820 17438 27778
455 16969 32163
1027 40100 52457
555 7245 13016
37 25419 26413
946 10803 13341
335 35590 44278
1021 21793 31661
633 48165 74558
404 7484 9032
276 5905 6787
1088 17062 24419
454 19730 36362
119 23963 47489
841 24642 31409
615 47426 58758
398 46025 58977
27 444 859
835 44411 46503
1025 31479 49466
1006 13157 17960
826 40868 58550
44 48374 66253
568 198 822
526 21014 36172
831 34365 43583
302 30445 37406
1198 53393 68069
861 5836 7700
500 3241 4611
799 51730 56800
891 38767 51378
664 10725 14862
91 35644 64294
760 30939 42004
1151 1593 3413
844 42886 45177
153 11409 21235
169 54150 74014
439 13124 25539
1113 5554 10354
139 19189 21820
981 44862 55865
476 22525 44339
830 42472 62345
329 726 1215
166 24093 41203
867 7303 11754
1093 24098 42318
152 29741 55929
1175 38080 57637
402 15062 18385
177 13830 23261
33 51051 59014
1028 37119 60115
79 8789 9430
167 34376 54270
920 19594 30719
923 25531 26571
144 38477 51325
651 68968 72914
926 33624 53250
720 59967 65316
1165 46287 61289
1036 15858 27525
631 20498 23379
188 2538 4942
558 23164 41609
949 74525 78556
807 10127 12210
496 25098 28304
470 28083 47995
300 9071 9745
438 3213 4999
882 54737 64556
783 24867 35012
902 41311 45173
959 57706 78601
623 21596 24044
281 49022 55770
1148 11671 23066
1080 51850 61463
111 37847 44469
109 5461 7983
129 51067 53124
164 31801 51394
637 47981 49726
283 16012 22547
962 63703 67717
1194 59976 61985
101 8134 9855
355 38350 48997
254 62270 66199
957 44501 63617
924 52662 70586
203 40261 80301
1127 21734 25687
1004 10737 21917
356 18844 27549
22 14941 25573
324 13163 26036
879 6679 12185
82 50468 68029
53 24859 41021
1103 42494 55462
1032 36772 51161
1155 2475 4676
1115 26191 31970
877 1790 4495
