250
459 2763 4057
809 4007 5400
692 12365 15855
175 12130 13681
346 982 1372
927 10993 12165
456 8063 8933
990 9996 11658
674 5439 6617
734 4912 6651
417 7644 10113
768 117 964
686 11213 13666
844 3279 4604
549 1627 2220
621 11590 13601
349 6546 7663
364 663 1083
799 692 1739
697 12293 14442
901 8263 9900
586 703 1308
739 1470 2410
938 2352 3864
262 7345 8641
993 10152 14224
958 9264 12129
412 11689 12991
553 5087 6162
507 3062 3614
397 387 794
387 7204 9496
497 435 1098
824 4034 5771
230 5181 5500
667 8957 11317
293 10786 13717
640 4323 5243
406 2267 3340
183 7012 9138
613 12311 15632
586 2510 3886
679 11397 15197
109 6632 7401
176 12111 14834
550 959 1712
327 9062 9772
999 436 1577
607 11575 14485
878 3234 4285
572 12136 15959
470 3533 5021
227 11260 12041
950 3324 4385
503 9503 11197
192 4585 5555
899 756 1843
967 1995 3846
503 12267 13537
743 6036 8051
173 659 939
781 1856 3100
884 5348 6867
377 12195 14760
648 7280 9494
737 1153 1980
763 1645 3066
796 5341 7201
929 4131 5965
557 2042 3375
375 3900 4333
366 8618 10686
355 4176 4536
520 4241 5866
299 2212 2969
502 3803 4481
204 3164 3765
355 1818 2331
766 1670 2958
531 1287 1841
902 1760 3197
390 11084 14879
172 8983 10666
946 2801 4572
939 5007 7051
720 8184 9869
372 9148 11450
899 7142 10380
550 10519 11828
508 10276 12498
869 2771 3924
336 7310 9548
150 2316 2802
700 8060 10843
139 8265 10161
285 4175 4684
832 9260 11366
106 9660 11692
787 7504 8866
501 7263 8778
817 11863 14377
139 2737 2908
771 5699 7009
863 353 1532
269 1674 1985
472 92 687
217 11971 12699
763 8323 10121
728 11188 12092
107 8777 10176
627 6274 8909
871 5413 7675
613 6774 8425
634 9893 13262
356 5607 6676
292 12224 15889
973 8371 11958
720 1118 2134
349 1592 2090
681 11086 13973
498 1848 2787
426 12275 15279
787 4179 6093
755 5087 7539
384 12454 15856
397 6536 7069
357 5572 7655
565 5262 7275
432 2487 3446
373 1265 2119
427 9752 13128
167 5623 6484
364 2363 3090
912 4253 6408
710 9784 11500
174 7804 10020
795 10286 11573
202 10674 13395
942 11305 12672
543 11767 13395
580 6279 7461
691 4731 5727
502 107 766
284 3399 4621
142 2436 2891
627 4817 5590
186 474 822
997 1479 2495
758 7478 8974
430 11174 14988
456 520 1027
820 1825 3003
664 10185 13486
539 4668 5406
794 5265 7076
311 9346 12311
263 756 1047
935 1603 2941
468 3590 4569
799 6951 9652
809 1739 2658
438 7051 8768
786 12256 16304
362 3101 3842
648 5590 7925
643 11545 14106
424 5662 6261
136 314 575
561 9483 12653
533 5436 6761
654 3250 5002
538 556 1376
202 2576 3568
978 3120 4272
514 10601 13860
551 5346 6200
306 8906 11365
437 12360 13701
513 310 915
952 194 1405
440 582 1323
823 297 1261
348 8351 10520
251 5171 6121
484 1037 1547
992 3587 5823
625 10408 12667
357 8108 8739
624 120 886
726 9527 12564
906 11558 16107
965 6239 8263
947 8758 10915
559 4286 6030
276 10588 14093
489 9684 12244
460 10158 12806
825 4498 6413
184 5002 6621
807 10004 14006
198 3153 3771
835 4855 7049
959 3738 5602
109 4254 4570
480 2808 3870
448 12389 13703
921 5202 6690
699 5409 6169
836 3760 5307
631 1865 3122
378 11549 14590
390 7292 9796
821 3783 4744
498 6446 8041
328 9154 11862
417 1184 1958
570 8780 10816
528 7747 8889
816 11580 15794
712 5609 7781
845 9168 10751
674 7528 10393
280 3860 4990
378 1568 2058
161 9099 10812
603 8749 11720
166 6444 7452
480 10168 12704
605 1345 2446
607 687 1295
252 1883 2588
272 5059 6895
235 7864 9402
294 1745 2102
356 8533 9761
820 664 1704
936 11295 12819
598 3254 4265
478 5413 6273
759 2628 4195
973 6087 7606
111 3226 3406
872 8149 10377
690 10046 13104
228 8379 8773
755 218 1144
578 12273 15092
252 10888 11809
241 7643 8602
325 6878 7927
