350
473 8133 14870
420 23343 26020
49 2258 2339
323 11221 12491
265 9740 15702
632 14271 26711
236 27737 31236
14 5260 5719
43 8839 13878
190 10787 14165
444 12787 21641
606 15821 16892
292 22610 23551
83 14692 27679
109 17038 27231
491 7926 15825
263 14501 21192
306 17401 30755
142 4603 7145
555 4968 8864
506 13655 25247
516 3063 4323
428 1513 2799
251 20794 22984
362 6003 9121
529 19502 20289
52 8100 8908
69 3467 3996
20 2344 4369
341 6098 8111
376 4432 6989
486 361 1111
596 6780 10841
40 10523 19805
476 9326 11884
427 12114 20912
263 12047 15502
634 16026 17216
333 15340 22777
380 16781 19654
511 18818 20859
569 11600 22567
78 827 1077
342 1101 1716
586 19787 22893
554 10294 13182
87 4220 7554
342 22341 28055
344 16676 19231
431 410 975
90 18296 22418
173 1241 1457
134 24654 28369
333 7209 11848
98 5249 10173
472 22570 23504
517 20332 24652
392 4453 5641
279 16189 17491
175 20429 27211
350 12810 15130
135 5123 6296
79 5939 8164
15 21939 22912
447 12614 21985
88 9099 14750
157 20740 30419
376 5856 10984
168 2489 3999
613 13936 27093
137 19720 22717
4 22069 29824
118 18673 25568
330 2136 3339
482 13432 21054
360 2694 4967
583 16375 18113
471 21714 25443
121 10102 14300
204 16332 18872
342 8480 10115
188 7626 11923
389 6199 10834
191 75 325
74 14724 20303
451 1500 2613
240 7675 13280
387 8083 11407
81 20530 28761
433 22125 30248
317 17703 22322
301 12884 23632
633 16433 24179
575 3317 4987
510 4749 5768
361 15166 27114
543 16972 18090
593 19497 24352
599 17588 29612
87 11949 13016
197 1554 3013
557 2731 3644
441 8570 13826
370 4394 5646
59 14001 21801
385 21844 25271
268 25912 28219
282 11916 16178
241 19141 19758
542 9158 13343
274 14984 20598
33 14258 18335
328 18014 23912
318 3337 3822
285 6808 10416
477 10651 20440
249 4649 6592
393 3274 4770
257 9824 14816
21 13216 15726
585 8202 11468
527 9318 14747
372 9286 10571
12 622 993
192 3811 6282
14 22074 27591
370 24918 28152
10 16340 17019
506 22119 32434
532 18318 25858
231 6321 9796
313 9877 18855
12 19209 24787
348 6751 7176
614 27127 31891
148 1393 1618
374 10615 17448
260 14498 16017
26 12984 14299
12 5105 6315
7 7816 11476
4 3535 3918
479 25282 25803
237 4156 5223
307 0 324
383 22995 23703
237 17320 19151
341 3039 3713
339 9718 15863
194 18726 28977
164 14908 24100
582 4983 9735
359 7382 8073
319 9327 18350
427 3256 5226
369 7983 13205
117 4869 7684
264 15299 26781
275 11050 14650
177 1861 2613
512 9046 11382
366 10037 12919
53 8453 14364
188 14099 22190
453 6068 6794
633 273 1164
331 3880 5807
180 8486 10510
226 8281 10316
329 12606 18859
280 10306 11721
325 19090 21500
380 4596 6141
142 28533 30975
314 25884 29820
274 6524 7979
503 3109 6362
312 6697 7942
430 20370 22257
372 16309 18507
43 12192 16230
347 170 693
426 6323 7594
487 7644 13819
65 934 1294
234 7766 8847
236 16415 18297
284 8005 8518
163 14136 27925
497 11398 20335
489 12636 14350
266 3252 4515
136 308 475
189 1033 1552
569 19927 24769
5 21781 27473
230 14581 27463
74 4242 4598
373 15661 22582
229 20236 28895
598 14420 26087
632 13846 20159
50 17467 18004
146 19480 29771
615 8557 10196
476 4731 7454
44 1263 1345
323 881 1746
260 20925 27018
425 12563 17481
517 1587 2282
609 7012 8721
625 6668 10073
497 1024 2287
540 9245 16599
449 4799 9400
256 17235 19932
157 14986 18892
314 17268 21548
126 10568 14183
557 5812 7739
449 5526 6941
412 2877 5445
465 23154 28668
235 11080 12750
430 25096 27571
480 21084 24692
53 17781 19497
21 828 1647
14 10216 13299
385 11711 15284
538 2756 4586
184 3333 3908
174 10342 16018
11 1671 2624
264 20201 21145
511 14646 25287
396 13308 21984
350 17322 18714
253 14126 15868
154 2244 3481
289 3889 6081
358 12812 13570
226 2870 3893
143 20591 26432
88 7563 8211
296 10832 21961
455 19384 27752
173 1874 3198
82 7713 10601
376 1220 2131
548 14474 21210
486 20702 27757
378 7926 12026
496 20823 21732
22 3466 6326
464 2 501
517 15320 19714
57 16782 20221
217 8292 8760
166 15403 25425
313 8648 13551
576 12727 19466
547 586 1275
383 10986 17006
222 1104 1350
234 23635 24157
96 6511 8045
110 7739 9526
346 8728 12217
97 15038 17490
215 775 1394
231 8982 12801
15 14068 20309
84 7056 7687
72 18301 24731
428 13108 17949
225 13036 14544
369 9872 13960
20 2749 4348
604 22988 26500
613 11512 17194
160 4814 8254
627 8307 16536
150 12865 17385
584 9989 12549
65 22511 24860
611 22142 26738
394 4898 7608
146 14612 17051
551 0 600
395 5154 8591
303 1220 2616
168 11863 20518
463 2576 3763
306 3685 4217
130 876 1218
87 6503 8077
101 14756 21167
226 15587 18332
370 2338 3030
270 2016 2419
101 4 117
93 12745 13655
570 8395 11215
610 4169 6300
270 18277 23922
324 21376 29481
426 18841 26272
236 11526 12145
619 8303 9538
161 12569 18507
601 17292 23239
112 2082 3319
246 8450 10066
509 23520 28025
452 17308 27265
365 10946 11613
476 8103 16516
157 1459 1716
361 16934 23302
335 1451 2974
422 5560 6825
586 6903 9401
373 10847 15216
280 16660 28671
478 17390 23299
336 10437 12586
151 10454 14038
326 2901 4342
19 9300 11498
419 7596 15591
166 5779 6469
425 1227 2117
607 3158 5252
8 18317 27102
585 26850 28645
592 1611 3262
545 14212 18043
524 18152 19435
57 4265 5705
476 8602 12530
542 12517 24936
12 14362 20613
281 4997 7126
626 7377 15420
428 15669 29131
563 12028 14268
61 21246 30822
267 16170 18650
