250
10 4 36
1 5 10
20 6 29
5 0 9
2 35 38
2 18 21
1 12 35
15 33 59
22 9 35
6 8 26
5 42 50
21 18 53
15 36 59
9 3 31
2 0 4
26 1 44
5 4 14
5 5 11
5 7 24
1 23 26
4 7 12
5 3 10
9 9 23
23 10 40
3 57 61
1 4 7
9 7 26
35 24 60
9 19 29
2 44 50
28 13 43
25 5 40
17 20 40
2 5 46
1 1 6
1 4 16
1 0 2
22 0 24
39 16 56
3 11 35
4 46 59
6 2 14
43 1 54
4 7 21
13 37 59
5 23 33
13 23 37
13 27 43
1 0 1
3 13 18
9 23 33
1 7 10
1 2 19
7 28 50
9 10 22
6 50 57
6 23 39
5 27 60
1 26 28
1 42 49
1 42 53
2 52 58
1 5 10
36 4 48
4 20 25
11 11 37
1 1 3
1 41 43
11 32 52
18 19 50
2 0 3
2 33 44
6 28 38
2 2 6
2 5 8
1 49 52
12 5 40
16 13 41
12 1 18
6 18 34
5 13 20
5 42 51
1 11 13
23 2 35
1 2 49
7 8 19
5 14 20
31 0 61
4 10 28
2 17 38
1 1 4
20 30 60
19 17 47
5 10 16
3 20 26
7 15 26
2 44 48
11 15 56
11 0 35
25 23 50
1 1 5
44 0 47
15 0 19
1 2 4
2 0 13
34 4 59
16 31 48
3 25 30
9 23 51
6 3 12
1 33 37
6 8 16
1 41 44
4 7 19
26 6 38
14 16 61
17 4 35
1 0 3
5 2 11
14 1 17
37 15 61
1 43 49
2 2 10
4 8 29
1 1 3
7 2 11
2 3 8
2 5 9
15 5 31
6 16 47
9 4 22
38 0 44
1 25 28
1 1 4
24 6 38
6 33 41
4 5 19
6 1 9
1 38 48
7 7 36
1 4 7
1 0 4
25 7 33
10 20 56
29 6 42
9 0 26
11 18 48
4 33 42
9 16 57
4 14 20
4 0 11
14 20 39
1 4 6
14 29 49
21 5 32
1 0 3
12 6 24
3 25 43
5 3 13
6 14 29
5 23 31
16 14 32
1 11 15
1 0 2
3 31 45
7 4 13
4 2 18
3 8 22
2 12 21
12 1 14
5 35 54
10 7 19
9 9 19
3 0 4
4 45 51
33 11 47
23 13 39
2 4 9
8 3 21
1 0 1
6 7 17
1 5 10
2 12 16
3 16 20
21 1 38
15 21 46
3 34 51
44 0 59
4 19 30
1 16 27
20 21 57
1 0 1
6 4 11
12 9 24
16 27 56
2 2 6
19 8 30
18 23 46
22 1 27
1 0 2
2 13 20
17 20 43
1 4 6
14 21 52
5 31 56
8 30 41
10 13 33
5 34 58
3 8 12
3 4 12
4 8 15
1 51 55
9 28 39
2 7 11
9 26 43
8 12 23
1 0 1
50 0 60
4 10 18
9 22 33
5 41 55
9 13 44
14 5 59
7 3 15
1 19 41
14 13 33
4 15 21
1 23 30
6 0 23
4 13 18
1 22 33
2 0 45
1 16 26
14 4 47
12 24 39
5 2 32
2 1 5
1 0 1
2 25 41
15 8 25
7 3 18
1 35 46
11 16 31
3 29 42
9 9 20
9 14 32
4 2 11
10 27 57
16 13 54
7 1 9
