150
829 5772 8158
338 4450 4950
632 810 1715
543 1037 1617
469 5024 5916
973 1596 3163
284 3389 3784
592 4376 5590
958 3480 5386
970 7129 9475
719 1263 2477
444 6712 7827
110 7267 9195
330 910 1496
296 2889 3452
994 1073 2216
657 7114 9943
880 5510 7138
634 1183 2348
862 5494 7956
346 3574 4685
780 5260 7834
370 997 1713
372 863 1534
394 3270 4167
741 3600 4472
727 2196 3306
321 6327 7340
878 6848 8232
400 545 1082
856 5659 8151
835 1412 2664
297 896 1429
688 1874 2654
817 833 1783
637 2691 3592
963 976 2021
924 6860 8432
143 5207 5465
817 1815 3118
197 4479 5955
665 6868 8097
362 6990 8991
857 3511 5071
526 4216 5785
801 3126 4506
656 3331 4505
157 4344 5315
468 388 869
389 950 1721
360 968 1535
624 3672 5065
796 1384 2649
550 3851 5352
365 4688 6386
800 957 1870
907 3981 5867
195 3914 4492
546 5028 6626
193 366 647
270 6338 6625
724 5964 7559
660 3832 4687
906 2473 3833
845 7259 8935
543 4788 5384
935 3219 4496
503 2545 3775
976 1036 2218
320 1348 1973
261 4030 5099
952 1075 2598
834 3878 5825
131 244 457
712 3165 4189
395 5453 7494
336 1886 2660
617 2063 3019
851 1438 2363
491 2306 3438
367 44 457
965 4213 5669
413 7499 8722
361 7169 9370
391 5234 6361
180 6513 8071
326 3490 4231
328 4205 5803
880 1410 2494
876 4611 6047
570 804 1454
331 6978 7899
641 2419 3285
507 465 1082
188 3702 4000
411 7015 7785
995 4791 5997
307 7112 7890
221 2574 3522
642 4548 5285
396 2578 3255
135 7474 9812
687 762 1514
284 4903 6716
190 7187 8078
804 117 1136
533 1090 2101
915 6778 8893
236 457 726
103 1879 2127
488 3248 4316
747 371 1119
684 250 1141
771 5200 6259
947 2080 3035
744 6681 8262
303 567 1067
626 1570 2637
632 4208 5993
680 1879 3116
366 3843 4761
478 2338 3036
192 4741 5690
833 6384 8588
157 5254 6878
545 1540 2386
697 1772 3045
916 6914 9118
214 5895 7613
803 4378 6043
223 5120 6593
908 379 1536
675 2742 3570
504 434 1156
465 6988 8671
814 1434 2683
321 4443 4925
997 5398 6434
958 6026 8055
698 6551 7507
126 4656 4930
465 5048 6913
324 2235 3068
867 2891 3887
683 6290 7484
604 3123 4571
364 1939 2632
985 4163 6012
900 0 921
497 2066 2821
