200
848 4104 6337
775 3075 4114
472 7898 9812
861 4516 6754
479 2407 3137
245 5182 6729
400 5328 6670
858 1498 2878
555 1363 2129
927 1022 2251
287 6198 7952
292 7637 9493
153 2398 2609
323 9987 11251
549 4031 5554
135 6058 6407
874 4959 6256
746 1305 2271
562 7983 9005
458 3076 4234
393 3829 5218
861 9831 13028
166 4947 5679
292 2945 3535
546 4098 4862
212 4966 6426
638 5240 6938
987 6194 8158
463 4987 6350
785 3543 4938
297 1649 2366
111 6821 8209
806 8580 11724
763 4317 5974
490 617 1203
846 4681 7032
154 3186 3836
634 8011 9170
520 4464 5439
967 7445 9533
965 7553 8530
697 9442 11563
148 4842 5137
201 8270 9303
440 1772 2243
127 7555 9473
829 1002 2136
975 2987 4777
671 9939 11374
827 7941 9613
797 9622 10537
378 7774 9601
608 6383 8535
764 7802 8700
588 8603 10729
272 842 1148
524 4137 5467
290 2379 3367
496 3641 5203
521 5076 6517
568 8594 10499
779 5878 8089
544 9601 12894
949 560 1851
245 1924 2719
858 73 1146
345 8178 9559
548 3840 5531
327 3101 3870
188 5684 6661
471 4747 5457
286 6243 8419
865 6133 8474
798 7448 9170
493 2050 2820
979 5440 8200
954 4222 5514
206 5391 6118
365 810 1300
546 4022 5069
211 7824 10019
163 7968 9261
419 5899 7876
330 9450 9970
598 3999 5086
365 5977 6608
184 5876 6839
985 2772 4695
200 4509 5485
153 3504 4004
842 4931 6018
598 1390 1988
427 1282 2027
735 1183 2257
899 9964 13528
360 1361 1737
150 2146 2339
332 2818 3845
217 927 1325
684 7574 8403
805 5382 7542
424 9767 12155
650 2700 3961
332 4767 5508
624 6267 7853
453 859 1364
244 6649 7940
621 6136 8696
293 2671 3679
158 5748 6832
915 7964 10306
451 774 1561
551 323 1030
736 4199 5941
119 5100 6060
757 9234 12389
835 2274 3754
938 1967 3320
921 7481 8675
284 3289 4116
894 4873 6044
389 1551 2260
346 4291 5775
725 8091 10303
128 7831 9852
593 1470 2321
304 4671 6177
190 4966 5462
268 8284 9433
415 1718 2389
292 846 1170
122 9351 11079
400 7015 9298
649 8832 10752
241 8128 8785
381 4069 5689
276 3535 4671
224 8230 9723
812 1693 3070
264 2322 3024
376 4284 4825
330 7117 9550
497 1916 3097
530 8647 10688
631 1687 2676
767 3942 5570
637 9555 10701
388 6322 8141
752 5988 7200
178 2889 3693
161 8790 11511
167 1815 2465
395 4201 5227
401 2518 3014
288 133 501
286 440 880
312 7103 9489
482 1200 1831
425 9302 10014
521 9642 10644
700 9485 11982
933 1871 3289
552 4730 5718
273 8030 9219
141 6285 6438
895 7290 9305
588 9362 10766
806 9793 12217
245 5598 6736
377 8486 8932
334 3801 4515
803 2025 3090
347 5185 7109
350 4199 5602
937 5412 8026
623 3637 4710
651 4968 6404
396 6025 6805
274 7838 9485
950 3879 6056
735 4017 5660
557 9554 10794
386 1561 2527
215 6168 7361
731 6793 8984
114 5567 6516
619 294 1124
102 4993 5899
781 5428 8014
965 8401 11794
743 3868 5593
899 3033 4409
362 7506 8084
715 7307 8233
161 7294 9511
845 3880 5599
414 6835 7399
622 4769 6525
447 5263 5960
349 7024 8053
