300
3 27 36
2 3 18
7 6 22
3 0 6
1 0 3
1 37 61
1 1 3
6 21 38
2 0 5
17 12 59
29 3 40
9 11 58
12 6 45
5 54 70
6 3 10
5 11 60
1 3 6
1 40 63
9 25 40
1 0 1
27 14 68
1 34 40
8 61 73
16 8 40
18 37 64
7 12 23
5 26 36
6 16 30
27 18 53
17 11 42
1 33 35
1 2 5
9 0 10
2 6 11
2 32 38
9 18 30
2 29 60
2 3 15
5 23 40
8 17 56
31 28 60
1 3 5
42 14 57
2 22 35
21 3 42
9 19 38
25 5 46
30 3 47
4 27 43
2 2 5
3 57 73
21 22 68
48 4 66
20 27 51
2 7 12
19 27 63
1 13 15
30 1 36
25 6 42
7 8 23
5 2 14
5 21 37
14 5 22
34 11 49
4 0 6
9 48 60
1 0 1
6 16 23
2 14 18
16 21 47
10 4 22
3 4 34
1 6 8
13 5 47
1 2 6
2 22 28
12 55 68
46 5 71
3 0 10
19 2 66
46 7 64
2 37 52
2 29 34
14 6 37
4 33 60
5 30 44
4 1 12
7 50 64
1 30 33
4 7 16
13 6 31
3 7 36
1 14 16
8 14 23
3 37 46
1 2 4
8 61 71
17 43 61
5 6 27
2 31 49
19 31 54
2 44 54
8 47 65
40 12 54
35 25 62
3 15 33
21 31 58
2 19 37
2 18 35
12 23 39
27 17 61
2 53 71
9 6 22
6 11 21
21 16 67
5 30 57
35 3 39
4 45 55
4 48 54
3 33 38
6 21 45
5 1 10
5 18 31
10 1 13
2 2 5
8 26 36
35 30 69
2 3 18
10 12 39
1 1 3
1 8 10
10 0 13
3 6 10
12 34 66
2 7 10
3 31 71
11 23 47
28 23 66
1 55 57
1 30 37
13 24 72
47 16 74
5 25 34
35 12 58
25 28 66
5 9 23
5 5 20
1 1 5
19 32 57
1 2 4
4 1 16
3 12 40
11 0 13
3 44 48
14 24 40
26 2 29
4 20 26
1 43 69
16 9 28
27 9 63
6 52 69
1 30 32
5 27 51
9 1 14
7 17 72
31 8 64
54 0 61
4 47 53
4 5 16
3 32 53
3 6 68
3 12 18
5 22 29
5 38 44
1 26 33
10 17 33
10 39 54
20 0 25
8 24 40
19 5 37
3 6 30
3 12 18
7 7 47
1 0 1
1 0 2
10 16 30
11 21 33
3 60 69
4 28 34
2 35 40
13 3 63
1 58 62
5 3 16
10 24 39
1 0 2
10 19 72
6 55 68
1 1 3
2 39 46
31 15 70
6 11 38
2 12 17
9 21 33
24 11 49
13 2 18
2 5 10
8 1 20
9 27 52
14 28 52
4 27 33
8 53 72
26 40 73
2 0 4
17 13 63
12 1 16
6 35 74
15 5 27
7 6 31
4 19 60
4 35 44
27 20 71
3 0 4
16 3 23
28 6 71
2 5 9
29 23 53
14 21 43
5 4 12
11 22 41
5 0 7
12 35 52
1 49 72
31 16 53
12 16 34
5 24 36
28 23 65
18 32 67
1 1 4
11 20 33
1 25 30
1 1 16
28 2 35
2 1 31
9 35 45
2 18 30
25 22 60
10 16 32
22 21 62
2 39 42
11 2 17
2 50 55
9 24 50
5 10 31
18 30 69
1 11 17
6 13 68
2 31 39
20 8 39
14 10 39
56 5 72
8 43 55
16 52 69
7 21 62
1 5 7
53 10 68
3 15 29
10 3 22
1 41 44
8 4 30
2 16 21
1 3 5
6 15 33
1 7 9
8 30 56
11 15 51
15 22 62
5 22 34
1 20 22
21 14 65
1 12 16
2 9 12
2 0 4
6 40 59
22 4 71
12 14 37
51 13 69
1 11 19
1 10 35
9 5 24
1 17 24
17 7 34
1 0 2
1 0 9
19 1 31
1 13 52
16 28 53
3 10 24
1 4 8
7 9 21
12 50 68
