50
249 2316 4124
101 39 174
8 14 34
502 116 749
47 2275 2478
645 25 710
350 456 1113
38 2036 3816
202 2831 4422
542 3115 3833
520 1594 2745
165 1201 1844
348 2453 4196
434 1657 3609
541 230 909
597 905 2006
599 3613 4307
584 1707 3731
54 3765 4172
4 2776 4095
364 1031 2285
285 685 1355
252 3232 4946
84 3926 4330
22 2 26
112 24 150
209 2676 3065
623 5201 6255
625 1041 1715
29 1784 2792
608 1379 3409
584 2808 4057
231 502 1017
111 1838 2147
344 2011 3193
476 801 1664
573 157 777
623 867 2390
471 484 1407
223 47 291
602 2443 3129
386 1526 2445
207 658 1024
2 1173 1876
396 1423 2734
591 3743 4975
533 981 2000
267 1503 2811
536 3073 5576
453 2848 4654
