400
338 8772 9230
243 17372 23430
556 2871 5942
295 14505 16702
460 30338 33990
386 4436 5852
22 20205 22799
450 16147 17674
379 2100 3920
604 13783 20420
390 20013 22722
301 17504 19025
269 12885 13350
529 20914 33483
512 5694 10264
257 18218 27797
265 7749 12844
409 11509 23162
379 8601 9045
446 26770 27821
420 2776 3748
240 8918 15987
532 1610 3464
124 358 752
393 3152 4128
599 5651 6886
192 4183 5048
147 8482 10768
510 20537 25898
277 1191 2578
625 13653 22008
146 8172 16034
630 915 1719
504 21536 37265
52 15732 27482
62 18804 19413
366 15312 24600
438 8496 13159
622 3 683
301 10552 16360
149 10731 14301
409 15646 17444
548 445 1334
512 13388 18341
140 24869 26057
40 11877 17868
10 7380 11415
423 10134 11404
446 21427 38623
326 13437 21259
395 26717 30906
165 2320 4089
244 22931 32234
229 4388 6479
498 11181 20898
558 2370 4838
316 17706 27426
199 11026 13873
280 7805 15265
321 6737 8446
508 9996 14419
237 6660 7079
190 14395 16786
572 17842 22119
245 6119 6599
499 23202 26449
315 4120 6000
630 15538 17798
235 16041 21491
494 19344 28682
54 11436 13056
223 13525 23655
223 10895 14837
192 4257 6153
322 5770 8259
291 25519 25916
110 16800 26570
595 25896 27302
606 22504 25753
267 7405 11483
32 4319 4520
254 17969 19300
457 5539 8040
279 21636 23990
127 16252 21242
362 7755 13553
132 716 932
330 14900 29978
170 11535 14610
239 14151 24148
249 8493 11661
528 29841 30886
176 20194 33183
5 5153 10112
353 10167 20260
414 21172 32992
134 8386 14981
507 24684 29516
292 17151 22625
338 22102 29985
59 25019 28017
113 5947 6719
575 24391 31972
468 14631 29549
489 5945 9564
334 15258 21786
469 22625 30478
62 10280 16055
469 13177 22301
428 24360 28740
403 15500 31353
68 8911 15877
181 12135 22317
303 15160 17105
197 5931 11870
577 5787 8093
139 29376 30134
527 23279 26617
113 6515 12516
413 13237 15800
161 1581 2887
324 9312 14965
450 12928 22486
324 20827 28161
463 17397 20930
248 25906 27950
213 8004 8860
385 24611 27905
460 22753 32175
108 19327 26048
270 1146 2558
129 21536 27513
609 7533 10951
551 2567 3509
237 14554 20368
319 10854 19548
362 2314 3085
297 10146 10581
369 10613 13746
310 13571 14791
136 28698 32628
188 21500 28884
213 24720 27077
434 19748 35654
53 7075 11377
40 7984 11383
329 9935 17167
249 10239 12263
605 11310 18703
531 14301 20719
66 12058 20153
614 13413 15450
12 20284 30305
407 4157 5327
386 13188 14444
21 10777 17698
548 11401 21956
172 5729 8631
534 16183 26623
396 22000 23690
472 20340 30486
573 10832 15420
541 5371 7313
473 12118 14802
421 17784 23883
248 21989 24472
226 23115 33435
77 8663 15725
181 2447 3258
582 18558 27682
392 8313 11201
351 25692 36459
360 19250 34821
243 2540 3912
374 15069 24057
355 7255 10293
87 7893 9330
528 6257 8710
28 1918 2192
472 9440 10101
154 13441 24199
448 3368 6333
490 9243 18331
459 1444 3062
548 30908 32304
339 17282 20083
107 9437 17819
234 5548 10985
589 28272 31115
614 14940 26647
230 1980 3711
551 10839 12475
430 11261 18961
360 14757 18492
550 10567 18935
586 1 624
374 14315 19342
229 34990 36708
78 27414 38012
123 16392 17808
429 25322 27088
169 1303 2374
164 22564 23070
186 4664 7374
79 9354 9904
312 241 614
181 387 881
631 3808 7171
586 3803 4755
489 3 527
73 14305 17187
418 13371 16019
416 9766 16811
265 7856 12557
510 8787 18108
188 1778 3296
573 21200 24195
141 483 685
173 10858 21432
175 14923 15641
161 10159 10405
497 12040 19204
333 3360 5437
92 4904 8144
607 8608 11237
70 8957 11313
456 569 1435
290 30636 33358
67 8602 15341
386 29647 39029
245 10231 12745
504 20636 28568
125 2546 4212
339 6201 8619
417 5320 8140
293 1385 2687
128 5281 9471
127 17187 33643
354 7966 13679
327 2192 2908
340 15486 23584
69 6005 6232
307 3327 5084
372 16475 19710
180 15520 22153
450 9301 16541
375 2813 3656
383 15116 16381
500 13284 15968
422 1518 2004
337 11411 22518
307 3284 4075
234 27341 28284
388 7035 7678
113 15734 26700
137 1433 1707
236 11075 12997
233 3652 4469
126 29478 33501
428 6127 11932
1 9246 9567
222 17747 30287
405 21570 30573
374 2098 4487
582 16286 25357
33 10048 12059
534 12204 20116
68 18320 21330
605 1232 2091
519 1524 2270
211 16965 28973
503 21262 31669
240 20236 22749
404 23665 27045
441 17354 25977
598 13358 19613
351 6335 12019
233 4167 6247
31 19609 24714
529 21862 31700
329 4272 7248
81 16320 26851
19 6798 10299
116 35597 38139
306 8270 12394
36 23436 24029
374 19214 28202
52 5162 7370
450 4957 5504
617 23252 24726
131 17675 24599
77 21694 22888
427 27393 28887
625 562 1553
612 31093 37929
54 26584 26760
190 3195 5923
234 21833 22775
188 10831 19876
545 3399 6817
110 26544 28025
325 6469 11338
307 4972 9804
363 15262 21104
42 12020 21234
298 13983 18662
360 12427 17560
429 12384 14139
492 4766 7911
582 9355 14593
492 14746 25131
568 9299 12001
515 16865 20822
436 23664 29978
83 14103 24238
294 2070 4242
82 4281 7457
454 27366 30047
391 10702 12932
326 12802 19770
295 4420 6236
300 31959 34426
333 12290 13290
425 8795 13302
204 12693 24458
72 16313 24681
169 10478 18051
392 3202 4888
389 7889 12693
212 10104 13974
415 30973 34095
209 24566 28425
285 8166 12273
278 15493 27375
591 14540 23272
565 19447 32903
458 3363 5022
151 11118 15141
18 11489 11889
304 7678 10732
27 8497 11962
400 14303 17133
156 347 794
313 6955 8633
332 619 1040
75 13899 25505
21 26107 27329
436 19264 23217
566 2015 2714
487 27544 39746
214 14779 17671
56 22591 24779
580 4757 5660
271 24171 32474
574 14734 29624
9 4954 9815
332 12055 23421
150 7004 10276
511 33259 35374
507 30127 35183
131 27612 29033
387 8952 15563
334 13787 21188
431 4582 7547
202 3815 5723
141 1484 2162
517 1377 2274
204 1011 1552
387 29943 33053
429 5091 9082
216 9067 11646
429 17844 25601
365 26892 31287
279 19256 32537
444 28139 29360
183 19915 39232
144 7001 8300
281 8749 10607
157 23181 25924
292 26009 34309
418 10714 16996
564 19408 25091
407 15845 29002
332 11341 13660
582 15292 25418
59 15234 19674
522 14390 16582
416 11287 21373
440 9312 14028
397 28928 36077
293 30113 34632
520 21471 31137
258 1 280
625 4906 10234
246 21819 29619
517 8997 9590
314 5028 9431
263 5714 9720
299 6252 9029
1 3551 3714
