350
115 3542 4618
224 2376 2851
527 10154 11626
233 13229 15054
897 7429 10380
432 11337 12318
329 14591 17581
590 3688 4596
753 13526 15554
102 16927 20855
666 1322 2570
431 11610 13806
758 13487 15002
385 4215 5348
647 4793 5880
489 3370 4808
675 13139 17148
537 2822 4055
947 13834 18980
472 10453 13972
585 895 1794
454 16807 21401
411 2009 2715
155 7037 9203
902 7988 11066
280 9438 10387
545 3801 5647
748 16896 21187
748 15343 20509
991 12409 16713
458 12661 14195
163 12267 14669
134 10984 13646
447 14272 19023
376 10964 14616
328 10238 12431
316 2429 3542
333 2263 3205
504 17088 20564
879 3062 4978
163 9394 11824
946 14715 18719
492 3943 4661
587 2699 3320
412 12177 15842
453 3070 4224
413 212 649
423 10852 13931
606 16920 18165
804 12301 15111
308 1081 1485
266 4288 5259
245 10779 12074
899 10428 13670
595 38 716
539 11731 13401
347 4033 4461
845 7049 9060
555 5898 7498
949 2175 3902
862 9259 10542
549 5933 7829
164 16898 20710
845 15837 18161
953 17380 22006
853 13477 17334
773 16139 21337
500 3907 4975
721 15748 17531
830 6885 9694
199 14917 16806
708 11352 15113
954 5503 7047
991 868 2192
577 13673 15169
527 15734 16264
931 11162 13829
595 11055 13785
486 13081 17527
440 9325 12616
322 12337 13364
211 16148 18440
383 1931 2838
672 16118 17417
370 14401 18960
803 4367 5711
320 14193 17148
788 13279 17781
260 7525 8941
629 4655 5437
714 12500 14295
112 14234 14464
296 11976 13381
275 5635 7240
287 9926 11564
607 2667 4136
278 5137 6105
157 4560 4953
977 15231 16631
223 5492 6336
736 9066 12585
610 16212 21527
285 7616 8621
345 3948 5282
832 440 1627
989 5489 7852
481 13904 15436
361 12157 13055
787 4057 6220
945 1481 2435
261 12848 14818
695 6575 8122
180 6841 7553
886 16225 18219
504 8284 10344
614 14589 18888
563 2759 3627
787 10641 14073
361 13236 17428
579 14716 16936
337 1583 2462
800 9766 11179
877 7585 10947
222 2150 3022
438 15876 19677
406 10143 13345
157 1418 1575
226 9158 11963
590 5379 6202
934 2103 3702
713 14860 16809
739 829 1695
578 16876 22528
230 4612 5962
917 5838 7185
652 13580 17676
331 2166 3120
800 15474 17347
267 2090 2832
759 6934 9194
413 11434 14802
660 11426 15504
326 10580 12413
228 6549 7214
302 17017 19747
326 5450 6141
966 8545 11104
935 17227 22687
120 9170 9309
722 7753 8546
956 247 1437
438 10286 12700
761 5080 6956
198 704 975
749 7265 9007
796 1631 2969
807 4225 5329
298 14681 16735
540 15518 17715
644 3840 4817
118 3484 3874
998 2028 3363
373 2007 2387
252 3934 4285
382 15312 18977
566 16624 21610
890 11794 12936
355 772 1325
336 5149 6646
100 15192 15787
156 8529 10661
806 13146 15691
964 1137 2182
247 14523 16957
837 9639 12355
500 8260 9152
153 17256 21017
989 349 1496
178 10768 13115
816 578 1533
682 867 1691
805 4400 5384
580 7728 9009
791 10977 14077
390 3943 5533
619 13556 16863
414 13490 13978
712 8217 10594
723 3925 4719
102 8968 9352
922 15910 17816
956 9868 13631
500 781 1292
484 16618 18855
696 15067 20190
648 14186 16662
585 6208 7258
937 3121 4986
837 3370 4901
345 14483 16837
963 4831 7380
269 2301 2961
255 16561 20968
738 7325 9066
445 1946 2464
984 6963 10184
287 11431 12934
917 4846 7096
289 375 728
504 6548 8592
279 10164 10791
109 4107 5229
809 13016 16685
319 818 1186
138 10045 12960
649 13791 18751
539 7988 9224
675 12014 14792
563 16998 17848
294 2008 2356
235 3142 4285
626 10269 12482
173 15798 16885
915 17384 21291
117 3492 4289
723 10081 12533
639 3424 4319
117 531 775
626 890 1785
528 16495 19996
859 12216 13765
210 13861 17527
696 13479 14261
839 16559 22127
261 13600 16128
566 13931 16492
423 11394 12212
307 5448 6563
778 13356 15092
957 8267 11733
534 2122 2693
235 15094 16590
839 8786 10866
974 1210 2250
331 13875 14273
822 3834 4727
536 6736 8117
273 13093 13459
399 6737 8953
254 16374 18953
265 5500 6605
276 4264 5153
626 17107 21540
351 17135 20358
256 3421 4731
579 5512 7803
520 3233 3858
397 9909 12856
118 5731 7060
504 1147 2121
813 7316 8256
482 12361 12969
629 2605 4012
283 3822 4965
387 8811 9299
186 4705 4950
190 9824 12294
740 9564 12774
622 13687 17691
557 9099 9974
836 1300 2602
888 14066 18066
388 17216 22322
119 8804 10996
760 14588 17665
514 15531 16186
386 6210 7209
886 15713 17484
600 903 1847
502 11041 12334
328 13867 16041
653 7377 9571
364 16857 17954
888 8849 12477
585 5063 6700
581 15799 19935
712 4244 5743
131 3488 4669
747 1103 2255
465 7622 9043
248 5555 7053
765 14604 18090
243 1132 1606
815 8864 12335
625 17377 20872
719 6744 9343
568 851 1781
475 11447 14836
386 5104 5731
278 2127 2973
663 17398 18572
121 9547 11923
796 11402 14388
724 4567 5869
670 837 1912
630 6540 7965
918 10365 13615
870 142 1260
466 7895 9282
872 8131 11568
640 5638 7975
188 7662 8308
516 7345 8545
162 14005 16646
179 2163 2604
555 12231 15435
795 3512 5437
551 6113 8523
643 4087 5982
483 6001 7306
545 11999 15453
131 313 554
258 736 1158
851 2220 3145
199 3188 3511
289 6219 7690
357 4976 6739
906 15480 19018
875 3660 5222
644 8825 11553
916 11096 15065
857 12026 16478
113 3183 3609
960 15098 17608
990 9489 13218
387 13199 17081
630 498 1195
245 2587 2964
974 12261 14485
306 11690 12073
998 11472 14637
999 9460 13015
654 9395 11960
147 17429 20178
768 13996 17603
266 17276 18302
687 15708 20792
789 9141 12641
952 15997 19672
622 17229 21693
