100
4 2 7
1 0 2
4 7 12
2 1 7
10 9 21
17 6 24
18 0 22
7 2 14
1 13 18
8 8 19
1 21 23
1 13 17
3 5 10
7 8 17
1 5 8
1 5 14
1 20 22
3 1 6
2 15 18
3 6 16
11 1 21
2 20 23
1 4 9
6 0 7
1 5 8
11 7 23
1 1 4
1 0 2
1 0 1
1 19 21
5 4 22
1 16 21
1 0 1
5 5 16
2 4 12
1 13 22
1 1 4
2 0 3
4 10 18
4 3 10
2 1 18
2 6 10
11 0 12
6 14 21
1 1 11
1 12 14
1 5 7
14 7 23
3 1 7
2 1 5
1 1 3
2 11 19
6 9 17
4 2 18
1 10 13
6 0 9
2 11 15
7 0 11
12 7 21
5 6 12
1 1 8
1 0 1
1 0 1
2 2 6
1 0 1
1 15 17
5 5 11
5 6 15
5 11 20
5 11 17
1 3 6
1 2 5
3 7 23
6 4 23
4 0 8
4 2 7
5 13 22
2 4 10
1 3 5
1 0 2
1 9 21
2 5 11
1 8 24
1 0 5
1 0 6
1 3 6
4 1 7
4 8 16
1 0 2
1 8 10
1 0 2
2 5 8
5 0 6
1 11 17
5 0 8
4 0 6
5 1 12
7 5 16
3 9 22
3 16 22
