200
4 4 14
3 34 44
1 0 2
16 1 30
1 10 12
1 3 6
2 22 25
1 2 6
1 6 8
13 18 48
5 4 11
1 16 18
14 10 44
4 20 29
10 25 48
1 1 3
5 35 42
18 1 21
11 29 45
1 4 8
1 5 8
4 20 36
1 4 7
1 44 47
4 20 35
1 5 8
17 7 35
4 8 21
6 26 33
2 0 3
12 1 16
13 0 14
3 10 18
3 41 48
6 2 13
1 8 13
2 7 10
6 35 45
1 8 10
34 8 44
10 11 36
1 1 4
8 9 19
2 14 32
21 8 46
1 1 3
11 16 29
9 18 33
2 5 21
1 6 8
1 0 1
1 0 1
1 34 36
31 5 41
5 23 33
1 0 4
4 19 29
2 5 15
2 2 9
4 15 20
1 1 3
1 8 16
6 0 7
4 4 10
7 6 33
7 6 20
6 15 30
4 16 27
7 30 40
4 2 15
27 1 37
1 8 11
2 12 23
2 0 3
1 34 38
9 0 10
33 5 41
23 6 43
1 31 43
2 0 3
2 14 48
4 10 37
7 27 48
1 3 5
3 19 47
7 15 28
2 2 11
16 17 34
2 26 31
8 3 23
14 13 49
2 2 5
3 3 20
1 2 4
5 11 22
5 6 24
2 0 3
1 16 19
9 18 29
6 17 27
3 39 48
1 5 10
1 12 40
2 17 23
14 11 26
1 0 2
3 40 45
4 4 9
6 16 24
22 20 45
3 21 48
1 2 12
3 17 25
7 15 35
1 3 8
2 4 7
7 26 40
2 31 34
7 16 39
2 1 5
7 22 35
14 7 25
3 0 21
19 24 45
2 34 41
17 12 40
25 2 48
5 18 43
2 18 21
18 6 36
6 18 36
2 18 22
30 10 41
33 6 40
2 22 35
1 12 14
3 4 9
1 0 1
10 8 30
4 23 33
1 2 14
10 8 44
1 0 2
17 6 28
1 0 2
1 1 3
10 15 30
1 10 41
23 2 47
1 39 49
1 0 1
6 32 49
14 1 38
3 27 38
8 19 40
21 0 25
3 26 30
23 7 44
1 38 40
3 16 22
4 7 17
5 2 15
1 4 6
15 16 35
1 28 31
1 14 16
7 33 48
1 4 22
3 2 6
3 23 35
9 19 46
3 6 11
7 29 43
6 0 38
5 2 8
6 3 11
28 6 39
5 4 49
2 40 45
6 5 12
5 0 22
4 16 23
10 28 42
5 34 46
4 10 17
7 20 28
5 8 16
2 10 18
16 13 30
4 8 14
4 8 13
11 10 26
3 13 17
5 15 26
2 1 24
1 0 9
19 10 49
11 2 20
5 0 6
1 25 29
