150
247 1210 2346
285 429 871
102 1973 2474
340 817 1369
116 660 1176
298 816 1295
187 4370 6384
44 5249 7002
223 2721 5538
243 676 1051
37 148 203
126 2025 2219
2 2957 5525
242 3489 4748
144 68 259
31 136 282
216 1853 2702
93 4732 5701
204 3311 6607
139 184 361
52 3105 5461
206 434 787
278 2939 5066
126 5734 6263
138 986 1537
215 1232 1610
354 3804 7386
61 2718 5248
306 2702 5405
154 3661 4097
225 2832 3212
86 5241 7615
83 3801 7089
293 519 1100
249 6890 7872
63 1889 2086
337 4267 6843
266 4658 5814
340 1560 2386
153 2 163
148 2955 3128
106 3752 5520
337 2551 4167
187 3822 5390
82 4504 6989
104 1178 2460
367 4073 7599
86 1214 2010
218 7875 8358
196 3157 5915
213 2553 4289
264 749 1386
44 1828 3385
13 6251 7402
325 3139 4083
224 3458 4325
34 3873 4404
178 2910 4487
354 2263 4720
53 337 575
119 3542 5404
342 1123 1554
325 2990 3561
12 159 244
94 4258 5909
124 2880 3453
305 6248 6697
234 1840 3317
115 2819 3337
330 3078 3929
12 1545 1630
368 6013 6473
301 1477 2362
271 1710 2963
299 2566 3797
196 274 579
191 4030 5595
181 3 196
173 474 966
365 3203 6373
177 6170 7514
201 2262 4395
147 2860 4791
10 5880 6274
254 1093 1915
214 4494 7324
213 1 224
236 1952 3029
213 3642 4628
127 497 1007
264 258 569
252 5815 6892
199 555 783
279 1072 2034
213 1460 2776
347 4073 4769
239 3242 5799
313 1503 2014
297 5754 7112
175 2733 4907
163 853 1471
251 3990 4365
249 3955 6172
48 1818 3437
323 2697 3064
82 2626 4997
165 5063 7680
307 4708 5276
237 3548 4059
133 1618 1984
304 5390 7447
235 4248 6625
100 3735 5981
138 4037 6064
86 4537 6372
38 3761 7493
19 4830 4942
79 4852 6786
328 5155 7198
21 1921 2657
169 1469 1733
236 4168 8121
160 1520 3208
303 2595 3468
38 4707 5290
285 2927 6122
151 3401 4919
252 2620 2964
86 1698 2080
74 1354 2626
42 2363 2439
342 3156 3807
18 1587 2681
250 3188 3720
84 1638 2534
299 1485 2540
354 4548 5178
130 241 568
120 223 427
268 820 1837
194 1240 1684
4 2259 4297
162 2804 5175
167 2177 2663
313 4133 6951
170 427 769
367 3749 5868
283 198 512
32 242 296
94 2 104
