350
50 0 79
7 4 17
61 4 120
50 6 66
67 8 112
47 9 62
47 10 91
52 11 81
28 11 45
36 12 61
8 17 26
83 20 108
74 24 150
41 26 91
39 27 99
1 28 29
54 31 92
3 32 35
20 33 55
2 38 40
39 44 103
19 48 81
79 51 142
28 51 85
12 52 75
62 53 163
34 53 90
77 59 145
86 65 193
57 66 138
36 71 132
62 76 174
79 77 161
63 82 165
67 93 185
30 98 157
77 100 223
45 100 171
2 100 102
83 101 196
19 101 127
69 104 204
4 107 113
19 112 144
74 112 230
52 114 209
18 115 147
37 119 163
31 120 151
22 121 159
86 133 288
67 138 244
32 140 175
37 141 191
59 146 251
3 147 150
12 152 167
38 154 196
34 156 221
16 157 185
18 159 181
75 162 303
17 167 196
54 176 275
19 181 203
13 187 209
59 193 259
19 198 231
19 199 219
84 201 348
17 206 229
59 210 285
59 212 312
77 214 309
76 215 299
14 220 237
64 225 343
57 235 317
32 242 292
11 250 271
19 263 298
54 264 320
48 285 368
3 292 297
21 306 346
49 307 380
86 311 445
34 313 357
18 315 350
86 321 426
81 331 450
15 332 359
45 343 392
61 343 425
59 344 437
19 350 378
82 357 475
76 363 512
50 365 454
25 372 409
50 378 432
42 383 432
59 384 470
7 388 398
43 389 469
39 391 465
69 394 505
59 405 472
29 407 442
63 407 494
57 415 482
63 423 538
10 424 441
66 424 533
49 431 483
73 452 529
82 453 570
13 461 486
49 462 539
56 465 544
35 465 529
40 472 513
11 475 490
73 486 612
69 489 562
49 493 582
56 494 550
35 505 540
70 511 649
68 514 627
86 521 685
86 522 684
36 545 597
69 551 688
46 552 630
45 555 607
55 566 644
19 568 597
34 579 619
19 583 618
22 594 622
60 597 679
77 599 683
19 607 631
39 609 660
41 615 671
4 622 626
55 630 699
29 638 692
40 643 707
78 648 744
23 649 694
8 654 669
83 659 763
78 676 779
64 687 799
72 689 795
78 693 838
59 701 811
21 705 726
45 705 753
16 712 743
66 715 837
74 717 843
81 719 874
81 725 882
12 752 766
8 754 765
60 773 864
68 780 911
74 782 908
82 798 886
32 806 868
76 809 889
12 814 832
31 816 876
68 832 901
44 839 900
8 840 853
39 852 910
17 854 886
14 867 882
2 868 870
60 884 961
75 886 994
71 886 980
61 888 1008
78 888 1006
52 891 955
4 891 895
25 902 936
39 907 983
49 909 986
3 912 917
16 924 955
20 939 965
23 940 982
6 946 955
82 950 1060
83 952 1042
83 965 1101
80 970 1064
83 971 1078
34 978 1014
57 987 1091
3 991 994
50 997 1090
76 1005 1103
1 1007 1008
49 1018 1090
9 1022 1038
73 1027 1169
65 1036 1111
65 1046 1136
15 1067 1087
11 1080 1098
51 1097 1180
64 1117 1197
57 1120 1206
52 1125 1182
74 1127 1201
34 1127 1180
35 1146 1188
29 1162 1210
19 1184 1203
4 1187 1191
71 1198 1287
72 1198 1315
9 1198 1207
59 1200 1263
84 1205 1291
60 1217 1318
43 1226 1284
71 1227 1357
42 1237 1288
35 1243 1288
3 1260 1264
52 1263 1324
51 1306 1379
35 1315 1384
29 1330 1381
82 1331 1473
32 1335 1388
30 1335 1390
2 1338 1340
69 1340 1457
17 1348 1370
21 1354 1375
81 1357 1468
72 1371 1502
2 1376 1379
57 1379 1442
65 1413 1509
49 1414 1496
36 1417 1466
66 1423 1519
5 1427 1436
40 1473 1519
19 1506 1529
52 1509 1572
1 1527 1528
73 1533 1653
82 1599 1760
10 1600 1615
66 1612 1716
52 1617 1694
24 1625 1661
48 1629 1719
38 1640 1705
73 1649 1733
74 1663 1775
25 1672 1716
23 1680 1712
69 1683 1788
30 1694 1748
79 1697 1853
61 1698 1816
21 1699 1724
7 1711 1720
48 1721 1787
73 1726 1869
9 1741 1750
72 1767 1845
56 1780 1866
26 1788 1829
73 1792 1915
12 1802 1820
64 1818 1935
48 1836 1915
70 1843 1954
9 1874 1885
37 1879 1943
32 1895 1932
46 1928 1990
68 1942 2036
44 1974 2057
16 1994 2021
51 2032 2106
82 2044 2161
1 2049 2050
27 2052 2079
17 2093 2110
76 2099 2246
40 2109 2169
62 2128 2230
43 2140 2215
55 2146 2203
19 2190 2225
84 2208 2347
81 2215 2312
82 2219 2316
73 2234 2365
72 2246 2388
21 2256 2282
4 2273 2280
78 2293 2410
19 2294 2315
41 2306 2363
13 2309 2334
71 2320 2454
3 2370 2374
43 2426 2476
57 2450 2534
69 2451 2548
37 2472 2521
49 2517 2569
6 2571 2581
24 2592 2634
23 2600 2639
38 2611 2653
9 2635 2650
28 2644 2675
1 2702 2703
60 2726 2835
8 2727 2735
59 2745 2848
22 2757 2789
36 2805 2868
13 2808 2827
25 2822 2864
27 2983 3032
58 3001 3089
49 3033 3105
32 3114 3150
2 3144 3146
30 3169 3204
38 3179 3252
8 3253 3263
74 3578 3676
61 3699 3780
