250
15 0 17
32 1 45
34 1 49
41 3 63
56 5 74
38 5 65
4 5 10
20 5 35
2 6 8
19 6 37
44 12 79
40 13 53
30 13 43
7 16 27
54 17 73
12 20 40
5 24 32
9 26 35
30 26 60
47 26 74
18 27 56
27 30 72
13 30 49
47 32 118
10 34 49
17 35 66
39 39 87
25 46 84
13 46 68
47 48 129
29 48 100
39 60 110
6 61 72
31 67 126
58 68 150
30 70 108
21 72 109
59 75 171
24 78 120
43 79 124
43 85 131
11 88 106
4 88 93
18 89 118
38 92 139
53 94 174
60 97 211
9 98 115
15 98 121
52 98 184
42 99 143
55 100 158
9 103 118
35 103 158
45 104 177
40 110 189
54 113 220
13 114 127
21 115 138
22 115 145
11 120 133
24 122 169
41 124 186
26 125 173
29 128 157
26 129 177
4 130 136
45 131 190
39 139 202
54 145 204
61 148 227
19 149 174
27 149 189
61 150 260
44 151 225
38 151 220
17 152 174
15 154 172
56 173 257
36 173 240
58 174 287
22 181 221
34 189 230
5 190 197
40 194 259
10 201 217
20 202 234
2 210 212
7 212 221
57 217 318
58 219 317
21 220 250
22 224 252
36 226 290
7 233 246
21 233 274
53 240 306
16 243 274
22 244 280
55 245 330
19 246 272
46 246 335
22 247 277
41 247 292
29 250 297
53 253 312
6 253 264
51 260 328
10 272 289
37 274 328
35 277 328
34 278 334
4 280 285
14 294 321
5 295 301
38 302 341
61 302 384
51 307 406
31 310 363
54 318 386
10 320 333
56 320 414
30 321 375
55 324 386
2 333 336
18 339 374
45 344 397
6 349 356
55 351 414
55 353 433
5 360 366
36 384 443
12 385 406
38 404 451
5 405 411
43 406 467
14 418 438
40 427 491
20 433 462
56 437 522
1 442 443
46 446 515
10 446 464
45 463 544
3 464 467
25 467 499
3 471 474
58 471 553
61 479 548
54 483 543
61 485 572
46 496 576
30 517 566
16 521 542
27 521 568
29 523 578
57 530 629
6 534 542
8 539 550
12 556 577
29 566 597
60 577 661
24 586 620
59 588 649
30 590 631
5 601 609
10 605 619
25 611 645
15 612 632
28 620 670
17 629 650
5 637 646
23 642 674
53 644 698
1 657 658
16 662 682
49 666 759
58 667 763
57 668 762
43 673 720
10 676 692
19 677 709
58 678 765
35 679 742
39 696 741
49 720 800
42 726 794
19 742 776
11 757 768
6 761 771
5 768 774
17 772 805
47 773 846
19 783 817
52 788 866
26 789 826
22 792 823
17 795 817
44 806 891
12 809 824
23 837 871
52 859 913
20 865 895
22 868 891
23 886 919
5 886 892
53 892 958
15 904 928
54 908 1004
6 921 927
11 923 938
10 940 955
34 940 1006
38 950 1019
2 961 964
30 961 996
53 968 1049
57 984 1052
56 989 1065
22 1022 1065
48 1025 1119
3 1035 1040
26 1051 1097
3 1060 1063
3 1065 1069
28 1098 1144
12 1107 1124
27 1150 1191
18 1155 1187
50 1183 1281
56 1186 1248
24 1186 1211
40 1188 1240
59 1197 1277
48 1227 1318
51 1240 1307
61 1267 1341
56 1278 1385
21 1281 1311
14 1289 1311
34 1328 1382
8 1387 1397
44 1392 1474
31 1469 1519
34 1509 1554
48 1537 1592
29 1595 1640
46 1638 1716
55 1737 1800
19 1743 1777
