300
23 64 88
34 124 176
27 51 79
14 124 151
43 104 167
3 49 55
35 64 107
46 129 201
35 117 165
22 73 105
25 143 190
46 73 132
10 138 151
12 44 60
49 26 84
17 64 93
16 109 133
29 33 64
27 12 42
4 130 135
11 132 147
24 36 62
25 18 48
30 45 81
7 49 57
20 146 181
11 40 57
48 86 143
42 87 131
36 65 109
47 56 112
36 91 127
23 73 103
44 35 87
50 102 154
18 75 94
14 34 55
24 53 77
32 0 36
45 77 122
9 119 128
29 131 161
34 102 147
41 70 123
24 89 130
40 121 174
11 71 83
26 64 96
7 37 44
20 77 99
46 94 153
2 145 169
37 103 156
46 124 187
2 47 55
19 74 106
15 147 172
50 87 153
42 47 97
4 135 147
49 5 59
40 48 92
30 83 129
48 48 110
21 55 81
3 64 77
10 29 39
41 71 112
35 146 194
46 138 190
26 130 165
37 27 74
13 120 141
2 90 101
47 115 175
19 32 57
34 4 40
38 144 200
12 69 88
16 50 73
19 126 163
9 20 31
23 68 96
42 138 183
32 65 102
24 140 165
33 57 103
14 94 112
14 38 58
35 72 120
40 97 142
4 62 73
23 50 75
3 103 110
49 128 181
17 21 44
1 66 77
10 2 12
6 119 130
22 85 119
27 62 97
45 117 179
19 80 105
2 43 51
43 57 104
13 120 143
2 129 132
29 100 144
10 75 91
23 96 132
24 64 88
21 60 89
46 129 190
10 40 55
32 63 107
39 45 87
50 10 65
35 37 78
26 45 79
1 120 123
9 100 124
9 36 48
50 71 138
11 53 68
10 28 38
4 126 147
25 148 189
49 44 94
22 138 177
46 66 112
46 0 50
4 55 65
3 34 37
28 17 48
30 69 106
15 58 81
38 35 73
15 135 158
10 31 41
33 29 69
27 129 161
31 34 74
36 13 51
12 68 87
20 12 36
36 145 206
35 135 170
36 78 125
28 31 66
8 66 75
15 84 109
40 3 43
6 66 80
11 93 112
2 146 162
37 55 103
10 31 44
50 31 86
5 108 122
24 104 137
35 148 187
48 6 60
27 30 62
20 143 181
16 43 66
6 100 117
12 64 79
5 44 50
8 117 141
9 85 95
49 33 83
16 14 35
31 2 37
45 105 163
31 12 50
8 59 69
36 98 136
34 91 133
3 106 122
14 10 24
32 136 176
4 7 12
2 69 81
18 118 139
43 115 160
7 142 149
14 81 99
29 47 84
26 70 106
38 71 117
7 145 159
17 24 44
16 100 132
8 95 106
26 65 101
23 59 83
11 136 157
34 93 144
43 121 170
21 76 112
47 33 86
19 124 146
49 90 160
48 80 128
30 87 118
11 109 138
17 71 96
29 95 129
25 0 29
27 129 168
9 118 128
9 101 116
7 51 62
20 139 172
5 55 65
26 89 121
11 71 89
31 137 190
11 68 91
25 8 37
34 140 183
1 27 32
3 41 47
9 11 22
49 51 109
37 78 122
10 143 162
33 141 199
14 82 110
16 83 100
12 34 48
15 129 161
35 74 120
19 57 79
18 6 27
49 122 191
33 149 204
16 105 135
19 17 42
26 61 97
18 109 142
6 17 25
23 18 41
48 21 78
42 13 63
32 127 183
4 57 62
3 149 160
17 142 165
44 41 94
35 101 145
8 20 31
31 84 120
15 96 112
31 26 58
47 109 162
13 85 100
36 57 94
16 135 165
48 41 96
4 23 29
2 115 123
19 108 127
14 50 71
34 113 166
1 76 84
3 54 61
11 61 77
46 6 52
7 147 162
34 8 48
20 147 170
12 12 27
50 142 202
34 128 186
24 118 154
21 141 184
10 140 163
18 112 130
37 94 151
16 106 136
1 13 14
5 103 119
36 38 81
35 105 145
11 24 35
2 19 22
45 110 162
30 126 178
2 107 113
31 60 104
23 139 176
47 149 207
31 82 119
25 28 59
22 21 45
49 28 85
24 5 33
29 73 115
37 119 157
