250
31 15 49
33 52 86
20 84 119
29 11 43
21 85 113
4 115 131
13 57 77
28 23 53
31 65 106
37 14 58
1 25 26
8 46 54
29 79 114
41 48 96
2 64 72
23 86 110
25 7 34
33 4 39
7 10 17
5 66 78
29 45 82
8 92 114
28 65 94
5 57 67
31 70 113
19 95 131
15 0 15
36 25 65
1 33 35
39 73 125
30 82 129
27 79 109
18 80 111
29 102 133
15 58 73
16 76 95
32 46 90
10 76 96
8 77 97
5 88 98
36 17 54
32 47 81
16 89 105
35 77 127
7 95 109
35 62 103
2 90 92
21 120 152
32 109 156
11 89 104
31 60 95
40 40 80
25 82 117
19 49 72
20 49 71
1 115 119
17 35 60
17 80 111
31 107 153
4 54 58
17 11 30
29 103 140
35 63 106
33 30 73
22 63 87
41 85 143
1 54 55
20 122 156
30 25 62
1 6 7
22 105 128
24 37 63
29 124 167
33 31 72
27 1 30
17 102 128
35 11 46
28 101 137
36 57 94
19 112 149
20 86 114
39 44 92
24 110 152
24 29 54
31 28 60
17 21 41
42 116 181
29 6 39
4 90 100
24 38 70
39 117 161
33 120 163
22 2 24
25 95 123
34 1 35
21 43 67
13 101 120
23 41 68
1 43 47
40 8 51
40 42 93
6 5 12
21 64 97
14 120 139
21 73 97
37 27 69
1 82 90
8 111 135
32 113 150
28 101 148
31 72 111
3 38 43
17 34 56
19 19 39
4 59 68
32 41 74
3 42 48
5 107 128
21 64 92
34 95 131
42 2 45
19 119 156
25 98 128
30 8 38
23 124 164
21 120 156
15 30 51
23 8 32
25 7 34
1 120 133
23 42 69
24 93 123
2 94 101
28 92 137
40 68 117
4 84 99
4 112 118
33 112 147
8 52 65
19 95 120
39 124 186
33 21 61
8 94 105
19 74 104
27 93 131
11 103 114
5 40 46
14 15 29
37 3 46
7 68 83
11 19 33
14 56 71
26 76 105
8 34 45
40 48 99
17 96 120
35 9 47
37 107 165
41 3 46
19 101 133
16 33 57
30 1 36
23 72 103
29 90 120
28 117 166
24 43 73
9 41 54
4 75 83
9 46 60
27 102 147
2 116 129
8 105 117
22 41 67
23 108 137
6 20 29
12 52 71
21 51 74
41 106 165
19 52 77
7 107 126
31 12 47
31 13 49
15 50 70
9 40 56
18 120 159
21 92 121
3 118 135
16 32 55
42 10 54
9 114 130
32 22 57
25 95 122
29 61 103
28 24 54
30 109 155
13 34 48
10 109 136
21 64 94
32 85 125
33 26 65
25 47 79
32 109 144
33 1 34
12 73 95
24 24 50
20 16 42
41 33 81
36 120 165
19 54 79
15 55 79
15 50 70
29 118 165
16 20 40
29 72 105
19 107 130
31 33 67
4 19 25
8 44 54
19 79 113
4 93 106
1 15 19
21 78 109
11 76 100
16 63 79
4 21 27
41 6 51
6 66 72
23 120 151
40 16 61
7 92 101
15 11 26
16 54 70
7 5 12
25 25 54
26 5 34
25 111 151
22 86 124
41 12 54
27 38 69
18 51 73
27 45 82
27 30 63
3 76 88
24 50 83
1 29 32
17 111 139
8 14 24
7 2 9
31 51 93
28 38 73
