200
29 5 37
10 17 29
21 62 88
5 55 68
17 64 83
30 51 86
1 2 3
7 43 53
19 99 118
14 44 59
7 89 110
15 38 61
26 14 40
13 20 37
29 28 59
25 50 79
7 37 44
20 84 107
3 23 26
10 95 114
29 56 86
21 20 43
32 80 117
15 34 57
19 12 35
18 78 97
1 79 84
14 2 18
25 31 60
14 94 116
34 74 121
7 81 89
14 28 42
28 55 85
24 95 128
29 96 133
7 92 106
19 84 117
21 90 119
3 83 99
7 10 17
14 76 94
27 5 33
24 80 112
23 46 72
16 64 86
1 54 59
13 69 94
16 44 62
14 73 100
20 11 34
26 7 33
33 92 134
10 25 39
5 57 67
21 58 89
2 69 71
8 29 37
19 13 33
2 29 36
32 21 53
13 49 70
14 94 120
25 96 124
13 56 73
27 26 60
2 50 53
16 35 58
7 54 69
25 2 30
16 1 18
32 25 60
30 42 76
27 97 142
11 94 115
16 43 62
12 7 19
25 84 109
9 23 37
2 11 13
33 24 57
1 19 20
9 39 48
23 34 61
10 50 64
29 70 101
17 50 71
14 33 48
27 92 129
3 67 79
17 43 69
31 4 39
2 43 47
20 61 85
7 35 48
28 58 90
31 22 56
19 18 40
15 96 121
1 24 28
14 60 81
24 73 97
29 97 138
5 45 56
31 85 127
31 21 60
2 46 52
33 47 89
2 37 42
29 68 103
9 22 35
23 12 40
18 15 38
4 50 56
18 72 97
23 33 61
24 24 52
13 35 54
15 97 121
26 15 45
30 86 116
21 58 90
27 31 61
3 10 13
32 10 44
21 91 125
27 89 126
15 12 27
26 49 84
31 20 56
30 61 101
23 70 106
17 18 38
21 1 23
33 84 125
7 17 27
8 0 9
33 72 107
24 97 124
8 27 39
27 46 80
12 70 91
9 27 38
9 76 94
20 14 34
12 62 80
27 38 75
18 94 115
30 54 92
1 51 56
15 20 38
7 72 81
14 83 101
27 82 109
13 61 82
11 16 30
7 96 108
31 17 52
6 38 49
8 76 90
33 0 33
12 17 31
25 24 50
12 11 24
17 14 32
4 36 41
32 64 105
26 94 132
21 16 42
2 73 75
2 24 30
20 6 26
10 2 14
4 16 23
26 13 41
4 33 39
26 52 90
33 44 86
5 34 42
5 97 102
3 53 60
4 66 76
29 2 34
28 53 90
11 35 48
24 20 46
12 60 79
13 22 38
12 3 17
19 80 102
4 72 85
15 85 100
25 30 61
26 72 110
25 24 51
26 36 70
32 11 49
26 90 129
28 45 79
28 97 140
