300
23 2 44
24 7 35
58 7 85
58 11 85
59 12 105
71 40 174
58 47 155
17 53 86
7 60 73
54 84 150
29 112 153
72 121 260
42 126 183
44 133 201
10 138 152
44 140 206
10 143 160
56 171 235
66 172 240
73 186 265
38 212 261
25 224 251
71 226 329
12 232 252
65 237 317
29 239 273
48 244 332
23 260 288
6 295 303
21 295 330
21 301 338
69 310 381
4 314 320
36 325 396
28 326 374
6 329 336
65 334 445
69 340 433
17 357 386
72 362 435
4 379 386
4 381 388
73 382 507
4 396 401
24 403 434
12 419 437
44 426 513
17 427 450
66 438 564
49 446 522
63 454 528
6 466 477
19 466 501
74 484 568
31 487 543
1 508 510
28 509 561
35 513 567
2 517 520
21 527 554
13 533 558
6 545 554
12 549 567
61 566 673
37 567 610
25 570 602
19 576 612
7 580 592
20 589 624
74 598 723
65 618 739
23 624 649
32 630 683
39 631 695
13 635 659
40 659 736
46 661 739
2 663 666
53 677 753
15 690 709
57 691 758
7 697 707
66 699 787
54 720 785
62 734 835
29 740 774
23 741 774
7 745 758
15 768 794
20 771 802
26 785 835
47 785 844
36 800 846
35 804 863
45 810 890
71 822 927
22 825 851
40 831 888
40 847 891
32 864 921
47 881 951
44 891 943
38 898 972
67 915 1045
12 919 939
12 924 937
64 925 1003
8 938 949
24 939 984
60 945 1054
13 976 1001
34 977 1020
15 977 1005
36 982 1035
45 986 1070
38 996 1053
5 1002 1010
9 1007 1022
11 1012 1025
66 1018 1086
11 1031 1051
23 1037 1072
52 1060 1152
9 1061 1072
59 1065 1175
25 1075 1101
67 1094 1223
30 1096 1154
70 1099 1221
10 1100 1113
9 1101 1113
15 1107 1133
26 1119 1150
37 1130 1183
46 1142 1195
53 1162 1232
45 1162 1213
1 1166 1168
21 1172 1212
56 1191 1301
35 1197 1262
44 1206 1281
35 1217 1285
10 1236 1249
61 1240 1305
60 1257 1364
46 1263 1353
64 1285 1396
6 1286 1294
24 1295 1329
28 1300 1352
57 1312 1389
34 1312 1371
32 1316 1372
36 1317 1373
53 1321 1424
72 1327 1417
12 1361 1382
28 1366 1400
14 1372 1392
74 1377 1463
41 1390 1441
64 1402 1494
66 1422 1505
2 1427 1430
17 1436 1465
13 1449 1471
69 1477 1580
14 1481 1505
34 1492 1532
38 1496 1567
71 1499 1591
58 1509 1615
52 1524 1606
44 1528 1606
24 1530 1565
38 1534 1580
49 1555 1642
4 1569 1575
59 1575 1655
71 1596 1731
22 1605 1642
37 1608 1676
53 1620 1697
23 1631 1664
69 1633 1769
69 1647 1746
67 1657 1781
55 1657 1733
70 1683 1800
1 1733 1735
52 1742 1824
9 1744 1756
67 1749 1879
45 1755 1805
50 1757 1839
65 1758 1887
43 1765 1844
26 1794 1840
55 1800 1907
24 1800 1841
18 1823 1850
66 1858 1926
72 1860 1968
51 1862 1926
26 1867 1917
55 1871 1970
59 1896 1960
8 1922 1937
47 1934 1994
41 1939 1988
7 1939 1951
44 1939 1995
10 1955 1966
26 1960 1998
68 1968 2069
53 1975 2079
2 1982 1985
55 1995 2072
52 2019 2075
39 2025 2073
58 2032 2138
56 2054 2165
74 2066 2141
2 2068 2071
25 2076 2115
74 2102 2217
53 2104 2164
74 2108 2237
38 2118 2177
55 2121 2226
41 2130 2173
49 2132 2224
3 2138 2143
37 2165 2208
56 2190 2252
8 2207 2219
62 2212 2308
71 2224 2344
38 2247 2310
33 2247 2309
72 2247 2322
67 2265 2347
21 2308 2342
31 2309 2358
62 2323 2425
17 2331 2360
33 2338 2391
18 2339 2367
18 2347 2367
36 2349 2394
8 2361 2376
21 2369 2402
6 2378 2388
51 2379 2464
4 2387 2393
59 2387 2461
68 2388 2507
6 2403 2412
20 2413 2447
58 2418 2477
9 2419 2431
11 2420 2437
54 2439 2535
62 2449 2555
2 2453 2456
74 2459 2605
41 2476 2534
22 2476 2500
37 2477 2517
33 2495 2530
63 2511 2593
33 2516 2560
12 2520 2538
58 2526 2607
55 2561 2668
8 2570 2580
10 2575 2590
1 2580 2582
37 2583 2643
18 2590 2609
71 2591 2674
55 2619 2681
52 2636 2693
46 2637 2723
34 2637 2703
25 2657 2701
55 2682 2774
32 2683 2733
28 2683 2712
45 2700 2787
27 2711 2739
62 2716 2835
17 2721 2754
40 2732 2787
25 2737 2784
15 2744 2764
36 2750 2810
45 2756 2836
11 2757 2771
