200
15 1 28
16 4 23
39 4 57
38 7 55
39 7 68
47 26 115
39 31 103
12 35 58
5 40 49
36 56 100
20 74 102
48 81 174
28 84 122
29 89 134
7 92 102
29 93 137
7 95 107
44 114 159
37 114 156
48 124 176
26 141 174
17 149 168
47 150 218
8 154 167
43 157 210
19 159 182
32 162 221
16 173 193
4 196 201
14 196 219
14 201 226
46 207 255
3 209 214
24 217 264
19 217 249
4 220 225
43 223 297
46 227 289
12 239 260
48 242 291
3 253 258
3 254 259
49 255 339
3 264 268
16 268 289
8 279 291
29 284 341
11 285 300
44 292 376
32 297 347
42 303 352
4 311 318
12 311 333
49 323 379
21 324 362
1 338 340
18 339 372
23 341 377
2 345 348
14 351 369
9 355 372
4 363 369
8 366 378
40 377 447
25 378 407
17 380 402
13 384 409
5 387 396
14 393 417
49 399 482
43 411 491
15 416 432
21 420 455
26 421 464
9 423 440
27 440 492
30 441 492
1 442 444
35 452 502
10 460 473
38 460 505
44 465 524
5 465 472
36 479 522
41 488 555
19 492 514
15 494 515
5 496 505
10 512 529
14 513 535
18 523 558
32 523 563
24 533 564
24 536 576
30 540 593
47 548 617
15 550 568
27 554 593
26 565 594
21 576 614
31 587 633
29 594 628
26 599 650
44 610 695
8 612 625
8 616 625
42 617 668
5 625 632
16 625 655
40 629 702
9 651 668
23 652 681
10 652 670
24 655 691
30 658 714
25 664 701
4 668 675
6 671 681
7 675 683
44 678 724
7 687 700
15 691 714
35 707 769
6 707 715
39 710 782
17 716 734
44 729 814
20 730 768
46 732 812
7 733 742
6 733 741
10 737 754
17 745 766
25 752 788
31 761 797
35 774 820
30 774 808
1 776 778
14 781 808
37 793 865
23 797 840
30 803 854
23 811 855
7 824 833
41 827 871
40 838 909
31 842 903
42 856 929
4 856 861
16 863 886
19 867 902
38 874 925
23 874 914
22 877 916
24 877 914
35 880 948
48 884 944
8 907 921
18 911 933
9 914 927
49 917 974
27 926 960
43 934 996
44 947 1002
2 950 953
11 956 974
9 965 980
46 985 1054
10 987 1004
23 995 1022
26 997 1046
47 999 1060
38 1005 1074
35 1016 1071
29 1019 1071
16 1020 1043
25 1022 1052
33 1037 1095
3 1046 1050
39 1050 1103
47 1064 1153
14 1070 1094
25 1072 1118
35 1080 1131
16 1087 1110
46 1088 1178
46 1098 1164
45 1104 1187
36 1104 1154
46 1121 1198
1 1155 1157
35 1161 1216
6 1162 1170
44 1165 1250
30 1169 1202
33 1171 1225
43 1172 1257
29 1176 1229
17 1195 1225
37 1200 1272
