500
18 64 91
55 36 101
44 232 291
5 12 17
32 95 139
32 154 202
14 222 262
34 131 179
6 208 226
22 169 210
6 88 94
26 128 155
20 120 150
82 193 292
24 100 140
25 101 136
8 221 256
83 156 239
43 125 192
29 238 294
45 6 56
34 64 103
79 55 136
83 92 200
60 38 99
64 234 321
72 47 123
24 42 69
60 223 292
49 83 142
59 57 117
7 45 60
31 40 71
10 95 116
41 121 175
23 33 61
27 84 120
2 156 175
33 58 91
5 104 125
23 198 241
9 37 52
78 181 276
70 92 181
20 43 70
59 235 334
66 65 131
61 168 259
78 85 177
23 219 272
23 123 157
32 187 221
7 97 116
26 235 267
51 151 222
19 106 138
22 192 227
68 246 341
10 81 105
43 131 190
1 217 220
46 62 123
2 69 80
13 246 260
68 183 277
38 28 71
46 80 145
78 105 185
47 78 142
27 24 54
66 171 243
20 130 159
31 239 285
3 20 25
49 182 264
17 166 189
9 180 191
9 232 272
58 113 186
80 10 102
68 74 146
30 4 37
5 136 160
38 64 110
48 164 218
35 81 123
33 0 35
42 187 232
22 83 105
66 74 142
38 197 258
73 143 221
19 192 214
58 211 280
79 239 326
11 104 129
66 84 171
81 73 169
19 27 46
69 225 329
13 177 191
47 28 78
65 225 322
67 156 253
74 66 156
83 137 221
13 63 87
76 6 83
76 236 313
13 170 201
9 244 259
75 10 90
53 71 129
26 242 307
24 8 37
30 153 191
70 41 116
12 106 124
83 149 256
72 197 293
28 72 112
19 69 92
75 48 138
48 189 257
77 3 90
39 226 297
23 94 129
46 227 276
53 198 252
63 237 322
36 40 88
73 37 119
69 0 78
10 99 120
44 130 199
21 103 142
52 186 240
49 83 135
65 98 185
54 167 234
23 146 192
45 14 59
42 23 69
2 107 112
22 168 200
26 179 227
55 199 288
11 29 43
77 215 297
73 200 294
56 155 239
32 3 35
38 97 138
68 236 327
80 16 105
59 51 126
70 52 140
6 88 100
69 208 304
33 70 114
64 37 111
36 228 272
35 106 147
37 78 124
30 160 198
48 220 284
23 62 85
33 154 197
83 241 331
21 154 197
16 144 162
53 0 55
54 118 179
25 41 70
25 152 195
36 189 241
44 145 215
76 42 133
20 37 61
26 200 233
59 118 180
24 16 44
22 213 260
58 178 265
3 33 39
30 147 202
79 209 304
34 101 143
28 33 68
10 244 260
71 70 153
28 129 161
38 16 60
58 114 184
2 7 10
68 117 190
77 18 105
38 187 243
16 226 245
55 63 122
60 66 130
34 94 146
7 76 84
10 54 68
40 143 194
48 103 173
75 48 130
16 25 45
49 88 144
80 203 305
61 162 245
17 244 291
78 207 308
4 180 186
33 53 90
79 181 293
7 141 164
24 13 39
27 145 185
82 15 110
65 199 269
2 28 31
36 4 41
19 132 160
4 223 236
16 186 227
15 235 268
43 35 86
8 2 12
68 138 227
74 159 258
63 220 287
68 191 286
49 118 190
63 157 244
74 214 325
57 55 120
41 15 62
69 214 294
54 48 104
61 64 132
2 97 101
77 209 322
44 227 277
16 173 190
40 61 101
19 183 216
79 76 174
17 52 72
46 5 52
22 6 28
55 92 158
27 176 219
39 219 264
28 97 134
25 103 141
79 243 354
15 214 255
27 141 177
22 224 251
73 29 105
28 86 115
33 108 155
36 192 231
45 219 278
36 115 165
82 102 188
28 191 251
61 16 89
28 99 140
42 224 278
8 149 172
66 144 232
76 131 211
16 24 41
71 224 313
46 230 286
17 248 296
50 135 213
41 100 143
16 93 121
44 182 250
51 82 148
61 160 244
24 120 145
5 233 271
77 94 192
32 209 250
27 62 96
41 240 298
60 143 219
41 83 125
79 178 291
36 27 71
72 149 224
47 177 237
31 56 91
77 242 327
25 210 262
32 85 126
27 179 235
28 138 187
47 242 302
4 91 99
47 14 64
7 100 107
40 109 161
32 108 155
30 3 35
21 9 32
27 34 65
53 143 203
6 93 113
16 76 94
32 146 178
32 123 159
33 62 109
40 42 89
16 181 199
8 91 100
53 144 223
47 199 248
52 48 102
20 156 179
29 11 43
63 238 342
69 106 193
2 163 172
9 207 219
40 129 179
55 146 213
33 172 221
21 125 168
81 51 139
54 29 92
68 94 173
77 165 248
29 75 105
37 217 279
51 220 277
72 234 328
27 81 114
56 136 210
37 185 234
2 116 128
55 248 332
33 231 283
68 248 322
5 89 107
7 58 68
76 189 281
42 79 123
65 187 281
54 125 203
38 0 42
9 192 208
23 59 87
14 128 160
76 60 140
25 146 184
53 179 241
29 45 83
42 196 264
7 207 232
7 43 55
68 146 229
32 127 182
53 27 80
75 126 211
35 130 181
24 136 171
65 169 266
26 67 94
41 102 145
4 93 111
67 167 262
37 57 97
69 18 101
78 152 232
79 90 182
62 196 269
13 88 112
7 97 108
71 77 155
34 248 297
8 173 200
44 9 53
41 47 91
73 164 244
80 88 176
52 127 190
48 221 278
62 8 79
67 90 170
70 20 99
16 27 43
82 97 200
21 168 203
66 105 192
46 121 169
42 190 257
76 181 277
72 9 94
64 12 83
56 116 181
50 129 201
75 172 283
29 115 145
41 13 57
21 50 73
66 217 305
45 172 224
28 62 96
75 80 172
4 215 251
18 22 41
15 114 141
30 198 232
70 113 189
33 175 209
81 143 233
16 236 266
61 16 86
56 174 253
75 17 101
9 141 166
64 22 91
74 117 200
84 24 119
16 32 51
52 143 207
27 132 170
49 220 276
50 109 182
37 139 192
42 86 142
53 56 122
65 65 146
70 123 212
58 52 122
4 198 209
23 68 96
29 184 223
57 85 158
53 146 222
25 29 59
58 248 316
75 223 329
17 144 166
49 247 333
15 211 230
35 146 191
43 89 148
37 100 143
20 139 159
32 89 136
11 29 42
25 178 227
60 184 257
47 178 248
15 182 223
57 233 306
58 76 136
56 196 275
65 196 286
20 157 190
37 96 137
35 92 128
20 80 105
34 239 294
13 203 229
12 249 279
70 113 189
33 205 274
49 98 149
9 109 133
10 212 231
60 189 275
9 158 171
7 33 46
29 223 280
81 126 235
48 73 133
67 230 332
42 11 55
50 156 225
6 221 256
12 171 189
3 28 34
45 192 249
22 109 148
36 215 254
53 90 144
20 41 67
39 136 184
11 226 272
27 159 198
37 246 288
79 90 187
6 46 57
