450
101 1 167
49 3 93
9 5 20
61 8 102
59 9 87
43 18 80
14 22 37
106 24 167
53 25 108
26 25 73
23 25 51
11 27 47
66 27 157
69 29 159
93 29 142
56 31 110
88 32 165
64 32 101
79 38 178
72 44 122
29 48 101
67 48 125
93 50 193
82 55 176
70 57 189
22 60 86
44 63 123
14 64 88
103 69 217
2 70 73
72 74 185
8 74 88
5 76 84
10 85 96
9 90 106
20 90 118
80 91 182
72 96 210
108 97 304
13 98 111
67 98 231
14 100 123
70 101 220
24 103 149
107 105 222
104 107 231
32 108 163
46 112 179
26 113 157
69 113 241
85 118 242
38 118 183
23 119 152
7 124 133
4 126 133
30 133 168
62 133 200
17 135 168
101 136 264
7 136 143
106 138 328
12 143 161
87 143 283
85 151 287
101 152 348
38 152 193
59 155 248
48 160 245
4 161 166
64 166 251
1 166 167
38 169 208
64 169 296
56 170 230
58 175 254
85 183 331
68 188 309
28 188 239
89 194 341
95 196 328
78 202 331
106 206 330
57 208 295
38 213 261
103 217 374
33 218 265
90 218 312
17 223 253
1 231 232
100 239 349
96 241 422
13 242 266
102 245 405
98 248 349
109 252 467
35 256 297
22 264 295
15 275 290
39 279 350
5 288 296
11 295 307
79 298 445
14 304 320
35 304 372
28 308 346
90 315 416
38 317 375
54 317 373
92 318 446
17 318 343
53 326 408
40 328 399
92 335 483
97 336 477
61 341 424
95 343 469
26 348 378
64 353 435
32 356 393
41 357 405
47 366 424
47 373 428
107 374 513
87 376 497
100 377 543
69 378 469
34 379 440
88 381 472
95 389 553
12 395 411
19 399 430
77 406 518
85 406 528
46 419 491
65 422 522
48 423 487
27 428 476
10 428 442
37 433 502
98 439 539
59 445 512
15 459 483
22 479 510
1 484 485
35 486 532
82 491 612
13 513 537
45 522 596
18 528 550
6 529 540
30 543 595
63 546 662
79 550 665
17 555 585
82 560 645
28 565 607
40 573 643
30 583 627
17 584 610
21 589 630
56 591 648
107 591 711
5 594 600
63 595 713
84 607 731
2 615 617
76 615 712
92 616 714
84 616 754
17 626 650
12 627 649
80 631 722
60 639 739
51 668 766
63 692 755
56 694 796
83 700 804
19 704 726
105 706 905
46 727 793
101 743 873
74 745 840
68 757 863
66 790 858
23 801 840
9 805 822
73 814 911
1 823 824
68 828 956
86 829 968
19 836 864
45 836 925
96 840 968
109 854 1025
50 856 917
12 864 879
8 869 884
4 871 877
28 876 913
7 898 911
29 907 944
107 908 1053
63 946 1059
110 954 1151
48 965 1045
105 968 1090
111 982 1096
50 991 1041
91 1007 1109
71 1008 1098
50 1014 1072
59 1021 1116
32 1021 1077
41 1027 1100
85 1041 1166
41 1045 1104
39 1050 1102
30 1054 1106
107 1064 1236
29 1078 1112
87 1082 1234
9 1089 1102
72 1092 1227
49 1092 1147
42 1094 1170
33 1105 1167
66 1113 1199
90 1115 1294
29 1140 1188
39 1146 1194
23 1155 1197
107 1163 1312
71 1164 1302
84 1173 1319
100 1183 1317
30 1215 1266
42 1222 1270
64 1225 1292
102 1228 1333
93 1229 1408
24 1247 1293
106 1249 1367
105 1258 1400
1 1282 1283
62 1294 1405
32 1316 1364
56 1334 1399
17 1336 1369
89 1339 1502
70 1347 1484
45 1353 1402
96 1354 1524
46 1360 1420
23 1361 1384
83 1370 1467
85 1380 1479
15 1389 1406
100 1404 1506
89 1410 1558
111 1438 1560
69 1443 1577
38 1454 1508
2 1471 1474
29 1474 1513
14 1483 1497
43 1483 1549
46 1486 1538
39 1545 1617
37 1563 1606
108 1564 1700
97 1565 1712
15 1587 1614
42 1598 1656
101 1599 1735
110 1610 1796
85 1610 1701
27 1632 1680
101 1657 1816
71 1676 1753
48 1692 1755
104 1693 1877
58 1699 1807
2 1711 1713
69 1721 1809
27 1734 1781
64 1742 1836
92 1748 1926
39 1779 1828
90 1786 1942
25 1789 1836
44 1802 1855
91 1802 1975
51 1808 1896
85 1845 1932
104 1853 2060
16 1864 1884
57 1873 1980
42 1874 1922
87 1878 2045
9 1887 1897
52 1890 1963
5 1891 1897
105 1898 2020
83 1913 2069
27 1936 1965
66 1938 2047
83 1948 2036
3 1961 1965
111 1975 2190
13 1977 2002
18 1981 2008
108 1981 2100
17 1993 2012
12 2015 2034
29 2031 2068
75 2034 2165
32 2059 2120
44 2078 2165
7 2080 2093
26 2143 2177
76 2155 2232
54 2158 2232
48 2176 2265
30 2179 2212
37 2180 2230
79 2185 2273
88 2216 2388
107 2234 2411
60 2250 2329
63 2258 2352
98 2264 2414
90 2270 2393
84 2273 2395
64 2285 2382
99 2286 2450
35 2314 2383
81 2347 2454
43 2419 2480
11 2450 2462
11 2450 2464
31 2451 2508
56 2468 2567
7 2476 2489
74 2485 2580
86 2510 2626
38 2518 2570
11 2520 2534
37 2523 2560
108 2530 2718
95 2548 2678
3 2552 2555
40 2558 2628
107 2565 2777
68 2574 2687
10 2586 2603
58 2596 2694
71 2626 2705
34 2633 2683
8 2665 2678
29 2670 2711
43 2674 2730
106 2681 2830
47 2693 2774
31 2716 2755
62 2720 2806
23 2721 2757
38 2724 2799
84 2728 2843
92 2786 2878
82 2808 2913
42 2832 2897
98 2842 2950
70 2856 2948
48 2862 2924
46 2873 2943
39 2894 2963
4 2906 2912
2 2906 2909
70 2926 3026
63 2928 3038
80 2945 3085
103 2987 3123
6 2998 3006
36 3038 3087
48 3093 3185
32 3098 3149
44 3112 3181
57 3113 3172
12 3168 3187
101 3172 3351
9 3206 3215
34 3226 3281
104 3251 3357
19 3264 3289
44 3268 3343
45 3285 3370
30 3287 3335
83 3322 3487
90 3348 3496
91 3368 3523
76 3372 3449
54 3389 3455
11 3436 3455
22 3446 3475
76 3481 3573
29 3492 3540
104 3518 3664
93 3532 3717
111 3550 3705
6 3557 3565
89 3590 3704
103 3667 3842
94 3704 3815
41 3765 3819
83 3848 3957
31 3863 3895
107 3869 3987
93 3870 3973
32 3889 3923
51 3893 3979
105 3908 4109
89 3913 4015
38 3917 3972
60 4023 4141
103 4036 4233
101 4044 4237
52 4090 4162
20 4151 4189
37 4206 4272
32 4250 4300
37 4428 4498
106 4469 4629
2 4511 4513
89 4604 4767
49 4630 4695
92 4701 4838
96 5058 5200
19 5065 5095
98 5093 5236
46 5107 5184
50 5109 5188
102 5123 5300
28 5378 5409
92 5397 5535
60 5519 5599
46 5548 5595
65 5555 5679
46 5814 5862
16 5857 5884
6 5896 5904
