200
12 0 14
25 1 35
27 1 39
33 2 51
45 4 59
30 4 51
4 4 9
16 4 28
2 5 7
15 5 29
24 10 34
32 11 43
5 13 21
43 14 59
9 16 31
4 19 25
24 20 47
7 21 28
38 21 60
14 22 45
22 24 58
10 24 38
38 26 96
8 27 39
14 28 53
31 31 69
20 36 66
11 37 55
38 38 103
23 38 79
31 47 87
5 49 58
25 53 100
46 55 120
24 56 87
17 58 88
48 60 138
19 63 96
35 63 100
34 68 105
9 70 84
4 71 76
15 72 96
31 74 112
42 76 140
48 78 169
12 78 96
42 78 148
7 79 92
34 79 115
44 80 126
8 83 97
36 83 141
32 88 151
43 91 176
11 92 103
17 92 111
19 98 135
33 100 150
21 100 139
23 103 126
4 104 110
36 105 152
32 112 164
43 116 162
49 119 183
35 120 179
15 120 140
49 121 209
30 121 176
14 122 140
12 124 138
45 139 206
29 139 193
47 140 231
18 145 178
27 151 184
4 152 157
32 155 207
16 162 187
2 169 171
46 174 255
46 176 254
17 177 201
29 181 233
6 187 198
17 187 220
42 193 245
13 195 220
44 196 264
18 196 225
18 197 222
37 197 269
15 198 219
33 199 235
23 201 238
43 203 251
41 209 264
30 220 263
28 223 269
28 223 264
3 225 229
11 236 257
4 237 242
31 243 274
41 246 326
25 248 291
43 255 309
8 257 267
24 257 300
44 260 309
2 267 270
5 280 286
44 282 332
4 289 293
29 308 356
10 309 327
4 325 330
30 325 362
35 327 377
11 336 352
32 342 393
16 348 371
1 354 355
37 358 413
8 359 373
36 372 437
2 373 375
20 375 400
2 378 380
49 385 440
44 388 437
49 390 460
37 399 463
24 415 454
13 418 435
22 418 456
23 419 462
46 426 506
5 429 435
6 433 441
10 447 464
23 455 479
48 464 531
20 470 498
24 473 505
47 473 522
4 482 489
8 485 496
12 491 507
20 491 518
23 498 539
13 505 521
4 512 519
18 516 541
43 517 560
13 532 548
40 535 611
47 536 614
46 537 612
35 540 578
47 544 615
15 544 569
29 545 597
31 559 595
34 583 638
15 596 623
9 608 617
5 612 620
4 617 621
14 620 647
38 621 680
15 629 656
17 637 661
35 647 715
9 650 661
19 673 701
42 690 734
16 695 719
18 698 717
19 711 738
12 727 746
5 740 745
9 742 754
8 755 767
27 755 807
31 764 820
2 772 775
25 773 802
38 824 899
3 831 836
21 845 882
2 852 854
23 884 922
9 889 901
32 955 997
48 963 1028
39 987 1060
49 1018 1078
6 1114 1122
