300
43 0 68
6 4 15
53 4 105
43 5 56
58 7 97
41 8 54
24 9 38
40 9 78
45 10 71
31 10 52
7 15 23
72 17 93
64 21 130
34 23 86
1 24 25
47 27 80
18 28 47
3 28 31
2 32 34
33 38 88
16 42 70
68 44 123
24 44 73
11 44 65
53 46 140
29 46 78
66 50 124
49 56 117
74 56 166
31 61 113
54 65 150
68 66 138
54 72 143
58 80 159
26 85 136
38 86 146
2 86 88
67 87 194
72 87 169
17 87 110
60 90 177
4 92 98
16 96 123
45 98 180
15 99 125
32 102 140
27 104 131
19 105 138
57 119 209
27 120 149
32 122 165
51 126 217
3 127 130
11 131 145
33 133 169
14 135 160
29 135 190
15 137 155
64 140 261
15 144 169
47 152 238
16 156 174
11 161 179
51 166 223
17 171 189
16 171 199
73 173 301
15 177 197
51 181 246
51 182 269
66 184 265
65 186 258
13 189 205
55 194 295
49 202 272
10 215 234
47 228 276
42 245 317
3 252 257
18 264 298
29 269 307
74 269 384
16 272 303
74 277 367
70 285 388
13 286 310
39 296 339
52 296 366
51 296 377
17 301 326
71 308 410
65 312 439
43 315 392
21 321 352
43 326 372
36 330 372
51 331 406
7 335 345
33 337 399
59 340 435
51 349 407
25 351 381
54 351 426
49 358 416
9 365 380
57 366 460
42 371 416
63 390 456
71 391 492
12 398 421
42 399 465
48 401 468
34 407 442
9 410 422
63 419 528
60 421 484
42 425 501
48 426 474
30 435 465
60 440 558
59 443 541
74 449 590
74 450 589
31 470 515
60 475 594
40 476 544
38 478 522
17 489 515
30 499 534
17 502 533
19 512 536
51 515 585
67 516 589
17 523 544
33 525 568
36 531 580
4 536 540
47 543 602
25 550 596
35 555 611
67 559 642
20 559 598
7 564 577
71 568 657
67 583 671
55 592 688
62 594 686
67 597 721
51 604 699
39 608 650
19 609 628
14 614 641
57 616 721
63 618 725
70 620 754
70 624 760
7 650 660
52 666 745
58 672 783
64 674 783
70 688 763
28 696 750
66 699 768
10 702 717
27 704 756
58 718 777
38 723 776
33 735 784
15 737 765
12 748 761
2 750 752
52 763 830
64 764 856
61 764 844
67 765 867
53 766 870
4 768 772
45 769 824
21 778 806
33 781 845
2 786 789
13 798 823
20 811 847
5 816 823
71 819 914
71 821 898
71 833 949
71 837 928
29 844 875
49 851 940
3 854 857
43 860 940
65 867 951
1 868 869
42 878 940
8 882 896
63 886 1009
56 893 957
56 901 978
13 919 937
9 931 946
44 945 1017
55 964 1033
49 965 1038
45 970 1020
29 971 1017
64 973 1037
30 988 1024
25 1002 1043
17 1021 1038
62 1032 1133
62 1033 1111
8 1033 1041
51 1035 1089
72 1039 1113
52 1049 1137
61 1057 1169
37 1057 1107
30 1072 1110
3 1087 1091
44 1089 1141
25 1146 1190
71 1147 1270
27 1151 1196
2 1153 1155
60 1154 1255
15 1162 1181
70 1170 1266
62 1183 1296
2 1186 1189
56 1219 1301
43 1219 1291
31 1221 1263
57 1227 1310
5 1231 1240
34 1270 1309
16 1298 1318
45 1300 1355
1 1317 1318
70 1378 1515
8 1380 1392
56 1391 1480
45 1394 1461
21 1401 1433
33 1413 1470
63 1422 1494
22 1442 1480
59 1450 1540
26 1460 1506
68 1463 1597
53 1464 1566
18 1465 1487
6 1474 1481
41 1484 1541
8 1501 1509
48 1534 1608
22 1542 1576
63 1545 1651
11 1554 1570
55 1568 1669
41 1582 1649
60 1588 1683
8 1615 1624
27 1634 1665
39 1662 1715
38 1702 1773
14 1718 1742
44 1751 1815
71 1762 1864
1 1766 1767
66 1809 1936
34 1818 1869
47 1850 1899
17 1887 1918
72 1904 2023
70 1913 1996
63 1925 2038
62 1936 2058
3 1959 1964
68 1976 2078
16 1978 1995
11 1991 2012
61 2000 2115
2 2043 2046
37 2092 2135
49 2111 2183
59 2113 2196
32 2131 2174
21 2234 2271
33 2251 2288
7 2350 2357
52 2350 2444
50 2366 2453
19 2377 2405
31 2418 2472
22 2433 2470
23 2571 2613
50 2587 2663
42 2614 2676
26 2731 2761
