450
34 4 66
87 10 128
36 11 53
86 17 126
88 18 157
106 60 260
87 71 232
26 81 132
10 92 110
81 126 225
44 169 232
108 181 390
63 189 275
66 199 301
14 207 226
66 210 309
15 215 241
83 256 351
99 258 359
109 280 398
57 318 391
37 336 376
106 338 492
18 347 376
97 355 475
43 358 409
71 365 496
35 389 432
32 440 493
8 441 451
31 451 506
103 464 570
6 470 479
53 486 591
42 488 560
9 492 502
97 499 665
103 508 646
26 534 579
107 541 649
6 566 576
6 570 581
110 572 761
6 592 599
35 602 647
17 626 651
66 636 766
25 639 673
99 654 843
73 667 781
95 679 790
9 697 713
28 698 750
111 724 850
46 728 812
1 759 761
41 761 837
52 767 848
3 773 777
31 788 828
19 797 834
9 813 826
18 820 847
91 844 1004
55 846 910
38 851 900
29 859 915
10 865 882
30 880 932
111 893 1080
97 922 1103
34 932 968
48 941 1021
58 943 1038
20 948 986
60 986 1101
68 989 1105
3 991 996
79 1011 1124
22 1031 1059
85 1033 1132
11 1042 1058
98 1044 1174
80 1075 1171
92 1096 1246
43 1105 1155
34 1107 1155
11 1113 1133
22 1147 1185
30 1151 1198
39 1171 1247
71 1172 1261
54 1194 1262
53 1201 1290
67 1210 1329
107 1228 1386
32 1233 1270
60 1242 1328
59 1265 1330
48 1291 1377
70 1316 1420
65 1330 1407
57 1341 1453
100 1367 1562
17 1372 1400
18 1380 1400
95 1382 1498
11 1401 1416
36 1402 1469
90 1411 1575
19 1457 1494
51 1459 1523
22 1459 1500
53 1466 1545
67 1472 1598
56 1487 1570
8 1495 1508
13 1504 1526
16 1511 1530
98 1519 1620
16 1538 1568
34 1548 1600
78 1582 1720
14 1583 1600
88 1589 1753
37 1603 1641
100 1633 1826
44 1635 1720
105 1639 1822
14 1641 1659
13 1642 1659
22 1652 1690
39 1670 1717
55 1686 1764
69 1704 1783
79 1734 1838
68 1735 1812
1 1739 1741
31 1748 1808
83 1777 1940
52 1786 1883
66 1799 1911
52 1815 1916
15 1843 1862
92 1849 1947
89 1875 2034
69 1883 2018
96 1916 2083
8 1917 1927
36 1931 1982
42 1940 2018
86 1957 2073
51 1958 2047
48 1964 2048
53 1965 2048
79 1970 2123
108 1979 2114
18 2030 2061
41 2038 2088
20 2046 2074
111 2054 2183
61 2073 2149
96 2092 2230
99 2121 2245
3 2129 2134
25 2142 2184
20 2162 2197
103 2204 2358
21 2209 2246
51 2226 2285
57 2232 2339
106 2236 2373
86 2251 2408
78 2274 2397
66 2280 2398
36 2282 2334
57 2288 2356
74 2320 2451
6 2341 2350
89 2351 2472
107 2383 2587
32 2396 2450
55 2400 2501
80 2419 2535
35 2436 2487
103 2438 2641
103 2459 2607
101 2474 2660
82 2474 2588
105 2512 2687
2 2587 2590
78 2599 2721
14 2603 2621
100 2610 2804
67 2620 2694
74 2621 2742
97 2623 2816
64 2634 2751
39 2677 2746
83 2687 2848
36 2688 2749
27 2722 2763
99 2775 2877
108 2777 2938
76 2780 2876
39 2788 2863
82 2794 2942
88 2831 2926
12 2870 2893
70 2888 2977
11 2895 2914
62 2896 2970
65 2896 2978
15 2920 2936
38 2928 2984
102 2939 3090
79 2950 3106
2 2960 2963
83 2979 3095
78 3014 3097
59 3024 3096
87 3033 3192
84 3066 3232
110 3085 3196
2 3088 3091
37 3101 3159
111 3139 3312
79 3143 3232
111 3150 3344
57 3163 3251
83 3169 3328
61 3181 3245
73 3184 3322
5 3193 3201
55 3233 3297
84 3272 3365
12 3298 3316
93 3305 3449
106 3322 3501
56 3357 3449
50 3358 3452
108 3358 3470
101 3383 3506
31 3447 3498
46 3449 3522
93 3470 3623
25 3482 3524
50 3493 3574
26 3495 3535
26 3506 3534
54 3509 3577
12 3526 3549
31 3538 3587
8 3551 3565
76 3554 3681
5 3564 3572
88 3564 3674
101 3566 3743
9 3589 3602
29 3602 3652
87 3610 3699
13 3611 3628
16 3613 3637
81 3641 3785
92 3656 3814
3 3663 3667
111 3672 3892
62 3696 3783
56 3697 3757
33 3697 3733
50 3726 3779
95 3750 3873
49 3757 3822
18 3764 3791
86 3772 3892
83 3823 3985
12 3838 3852
14 3844 3865
2 3852 3855
56 3858 3949
27 3868 3896
107 3870 3995
83 3912 4006
77 3937 4021
69 3938 4067
51 3939 4038
37 3969 4035
82 4006 4143
47 4008 4082
42 4008 4051
67 4032 4162
40 4049 4091
93 4057 4236
26 4064 4115
60 4081 4164
37 4088 4158
22 4099 4129
54 4108 4197
67 4116 4235
16 4118 4138
95 4125 4297
10 4132 4145
6 4134 4145
61 4149 4229
22 4149 4175
4 4177 4182
90 4191 4358
87 4230 4374
20 4235 4263
86 4236 4373
35 4250 4305
77 4276 4405
68 4287 4388
10 4295 4308
107 4300 4411
17 4312 4339
42 4320 4396
1 4331 4333
22 4350 4382
18 4364 4384
72 4369 4467
47 4370 4422
15 4384 4404
33 4384 4422
46 4386 4444
64 4400 4522
73 4417 4522
41 4418 4499
28 4442 4496
86 4454 4544
103 4465 4610
46 4496 4549
78 4501 4637
17 4518 4545
26 4537 4584
77 4544 4622
19 4546 4582
1 4568 4570
43 4574 4645
12 4596 4616
45 4606 4694
81 4607 4690
33 4610 4661
35 4611 4653
28 4616 4670
4 4627 4634
74 4631 4734
9 4652 4664
26 4654 4696
84 4668 4804
71 4677 4808
104 4743 4945
72 4751 4875
87 4790 4903
110 4797 4943
86 4813 4921
30 4816 4858
79 4833 4963
67 4857 4977
53 4878 4974
45 4880 4935
13 4901 4915
50 4909 4978
100 4921 5064
73 4923 5035
66 4942 5016
68 4965 5044
44 4985 5065
34 4996 5048
95 4998 5153
27 5007 5039
101 5045 5245
2 5045 5048
33 5068 5122
12 5083 5106
92 5099 5251
75 5100 5194
13 5101 5125
95 5113 5249
111 5130 5296
5 5132 5139
89 5141 5254
15 5168 5190
93 5200 5368
98 5217 5412
56 5221 5312
90 5221 5328
92 5265 5419
25 5271 5316
43 5277 5325
55 5308 5386
71 5340 5422
56 5341 5434
44 5349 5407
88 5361 5518
63 5377 5483
101 5391 5565
90 5405 5573
91 5411 5588
36 5432 5502
19 5448 5482
20 5466 5501
73 5497 5636
5 5500 5506
2 5504 5507
36 5512 5571
55 5537 5644
35 5552 5612
105 5565 5735
53 5570 5667
78 5572 5726
49 5573 5628
59 5650 5761
87 5653 5790
63 5661 5777
108 5694 5827
7 5707 5720
100 5720 5918
26 5743 5790
2 5746 5749
44 5756 5806
16 5760 5790
90 5764 5877
8 5785 5796
83 5807 5959
43 5816 5860
98 5816 5998
98 5837 6025
95 5881 6010
57 5883 5979
89 5895 6017
103 5958 6080
36 5960 6014
80 5985 6105
73 5987 6068
38 5993 6057
51 6005 6094
109 6026 6147
37 6035 6091
12 6056 6079
73 6061 6176
87 6068 6209
58 6085 6162
72 6113 6238
59 6120 6217
26 6125 6157
41 6143 6214
28 6169 6199
30 6170 6209
104 6207 6317
