100
8 36 49
14 1 18
15 2 17
3 25 31
9 41 53
7 48 62
4 32 39
12 36 48
5 23 32
10 21 31
1 21 23
10 12 23
6 27 35
10 7 19
1 23 28
10 8 20
12 44 56
7 40 52
3 49 58
11 21 36
1 48 49
3 12 15
10 12 26
4 29 35
13 40 53
5 23 31
8 37 50
6 36 42
11 42 60
5 19 24
1 21 23
13 26 43
8 2 10
10 19 32
2 33 39
17 30 51
13 27 43
1 33 38
5 44 52
9 30 43
7 20 28
12 37 52
6 30 42
8 33 44
11 42 54
3 12 16
4 32 36
8 42 55
1 1 3
6 10 17
9 12 24
2 36 41
10 2 13
6 36 48
9 42 52
12 6 20
13 12 26
6 15 21
14 9 24
13 19 35
14 46 69
4 8 12
5 34 42
4 33 40
11 16 30
4 19 24
14 48 71
4 11 16
7 5 14
14 12 28
3 45 52
7 32 39
8 43 59
2 16 19
16 6 24
14 37 56
4 13 20
8 5 14
12 7 20
17 40 61
17 43 64
7 36 49
17 38 60
7 8 15
11 6 19
12 29 43
7 35 48
13 2 16
17 19 41
1 30 35
6 7 14
14 30 45
7 35 43
10 42 57
16 29 48
11 28 43
13 38 55
11 7 19
12 47 68
1 49 55
