350
27 3 52
28 8 41
68 8 100
67 13 98
68 14 121
82 47 202
67 55 179
20 63 102
8 71 85
63 98 175
34 131 179
84 141 304
49 147 214
51 155 234
11 161 176
51 163 240
12 167 188
65 199 273
77 200 279
84 217 308
45 246 303
29 261 293
82 262 381
14 269 292
75 275 368
34 278 318
55 283 384
27 302 335
6 342 350
25 342 383
24 350 393
80 361 444
5 365 373
41 378 459
33 379 435
7 382 390
75 388 517
80 395 502
20 415 450
83 420 504
5 440 448
5 442 451
85 444 590
4 460 465
27 468 503
13 486 505
51 494 595
20 496 523
77 508 655
56 517 604
74 527 614
7 541 554
21 542 581
86 562 660
36 565 631
1 589 591
32 590 649
40 595 657
2 599 602
24 611 642
15 618 647
7 631 641
14 636 657
71 655 779
43 656 706
29 661 698
23 667 711
8 672 686
24 684 726
86 693 838
75 716 856
27 724 753
37 731 793
45 733 807
16 737 767
46 765 853
53 768 858
2 769 772
62 785 873
17 800 822
66 801 878
9 809 822
76 810 911
62 834 909
71 850 966
33 858 896
26 859 896
8 864 878
17 891 920
23 893 929
55 909 978
31 910 970
42 927 980
41 932 1001
52 939 1031
83 953 1075
25 957 986
46 964 1030
46 981 1032
37 1002 1068
54 1021 1102
51 1033 1093
45 1041 1129
77 1061 1211
13 1065 1086
14 1071 1087
74 1072 1162
9 1088 1101
28 1089 1141
70 1095 1223
15 1131 1160
39 1133 1182
17 1133 1164
41 1138 1199
52 1143 1241
44 1155 1221
6 1161 1171
10 1168 1185
12 1173 1187
76 1179 1257
13 1194 1218
26 1201 1241
60 1228 1334
11 1229 1243
69 1234 1362
29 1245 1275
77 1267 1416
35 1269 1336
81 1272 1413
11 1274 1288
10 1274 1287
17 1282 1311
30 1296 1332
43 1309 1370
54 1323 1385
61 1346 1427
52 1346 1405
1 1350 1352
24 1357 1403
65 1379 1507
40 1386 1460
51 1396 1483
40 1409 1486
12 1431 1446
71 1436 1512
69 1455 1578
53 1461 1565
74 1487 1615
7 1488 1497
28 1498 1537
33 1505 1566
66 1519 1608
39 1519 1587
37 1524 1589
41 1525 1589
61 1529 1647
84 1536 1641
14 1575 1599
32 1581 1620
16 1588 1610
86 1594 1694
47 1609 1668
75 1624 1732
77 1646 1742
3 1652 1657
20 1662 1696
15 1677 1703
80 1710 1830
17 1714 1744
40 1728 1775
45 1732 1816
82 1736 1842
67 1747 1869
60 1765 1859
51 1770 1861
28 1771 1811
44 1775 1828
57 1801 1902
5 1817 1824
69 1825 1918
83 1849 2007
25 1859 1901
43 1863 1942
62 1878 1968
27 1891 1930
80 1893 2050
80 1909 2024
78 1920 2064
64 1920 2009
81 1950 2085
2 2008 2011
60 2018 2112
11 2021 2035
78 2026 2177
52 2034 2092
58 2035 2130
75 2036 2185
50 2045 2136
30 2078 2131
64 2086 2210
28 2087 2135
21 2113 2145
77 2154 2233
84 2156 2282
59 2158 2232
30 2165 2222
63 2169 2283
69 2197 2272
10 2227 2246
54 2241 2310
48 2248 2305
9 2248 2263
51 2248 2313
12 2267 2280
30 2273 2317
79 2282 2399
61 2290 2410
2 2299 2302
64 2313 2402
60 2340 2404
46 2347 2403
67 2355 2477
65 2381 2510
86 2395 2482
2 2397 2400
29 2407 2452
86 2437 2571
62 2440 2510
86 2445 2596
45 2455 2524
64 2460 2583
47 2470 2519
56 2472 2578
4 2480 2487
43 2510 2560
65 2540 2612
9 2560 2573
72 2565 2677
82 2579 2717
44 2606 2679
39 2606 2679
84 2607 2694
78 2626 2721
24 2676 2715
36 2677 2734
73 2694 2814
20 2703 2737
39 2712 2775
21 2713 2745
21 2722 2745
42 2724 2777
9 2738 2755
24 2747 2785
6 2758 2768
59 2759 2858
4 2768 2774
68 2768 2853
79 2769 2907
7 2787 2797
23 2798 2838
68 2804 2874
10 2805 2818
12 2806 2824
63 2828 2940
72 2840 2964
3 2844 2848
86 2852 3022
48 2870 2938
25 2870 2897
43 2871 2917
39 2893 2934
73 2912 3006
38 2918 2969
14 2923 2944
67 2929 3022
64 2969 3094
10 2980 2992
11 2985 3001
2 2991 2994
43 2996 3066
21 3004 3026
83 3005 3102
64 3038 3110
60 3058 3124
53 3059 3158
40 3060 3138
29 3082 3133
63 3110 3216
33 3111 3145
37 3112 3170
52 3131 3232
31 3144 3176
72 3150 3288
20 3156 3195
47 3169 3234
29 3174 3229
17 3183 3206
42 3190 3259
52 3196 3288
12 3197 3212
73 3203 3335
8 3208 3218
5 3209 3218
47 3222 3284
17 3222 3242
3 3243 3247
70 3255 3384
67 3284 3395
16 3288 3310
67 3289 3396
27 3300 3342
60 3320 3421
53 3329 3408
8 3335 3345
83 3339 3425
13 3348 3368
33 3354 3414
1 3363 3365
17 3379 3403
14 3388 3404
36 3392 3432
56 3392 3468
12 3404 3420
25 3404 3433
36 3406 3451
49 3416 3509
57 3430 3512
32 3430 3493
22 3449 3491
67 3458 3528
80 3467 3579
36 3491 3532
60 3495 3599
13 3508 3529
20 3524 3560
60 3528 3589
15 3530 3558
1 3547 3549
33 3552 3606
10 3568 3584
35 3576 3644
63 3577 3642
26 3579 3619
27 3580 3612
22 3584 3627
3 3593 3598
57 3596 3675
7 3612 3621
65 3624 3729
55 3632 3734
