150
11 1 21
12 3 17
29 3 42
28 5 41
29 5 51
35 19 85
28 23 75
9 26 43
4 29 36
26 41 73
15 55 76
36 59 128
21 61 90
22 65 99
5 68 75
22 69 102
5 70 79
27 84 115
32 85 118
36 92 131
19 104 128
12 110 123
35 111 162
6 114 124
32 116 156
14 117 134
23 120 162
12 128 143
3 145 149
11 145 163
10 148 166
34 152 187
2 154 157
18 159 194
14 160 184
3 162 166
32 164 219
34 167 213
9 176 191
35 178 214
2 186 189
2 187 190
36 188 250
2 195 198
12 198 214
6 206 215
22 210 253
8 210 221
32 215 276
24 219 256
31 223 260
3 229 234
9 229 245
36 238 279
15 239 266
1 250 252
14 250 276
17 252 278
1 255 257
10 260 273
7 263 276
3 268 272
6 270 279
30 278 330
18 278 299
13 280 297
10 283 302
4 286 293
10 290 307
36 295 356
32 304 364
12 308 321
16 311 338
19 312 343
7 313 326
20 326 364
1 327 329
23 327 366
26 334 371
7 341 350
28 341 374
4 344 350
32 345 388
26 355 386
30 362 411
14 365 381
11 366 382
4 368 375
8 379 393
10 380 396
13 387 412
23 387 416
18 394 417
17 396 425
22 399 438
35 406 458
11 407 420
20 410 439
19 418 439
16 426 455
23 434 468
22 439 465
19 443 480
33 451 515
6 453 463
6 455 462
31 456 494
4 462 468
12 462 484
29 465 518
7 481 494
17 482 504
8 482 497
18 484 511
22 486 527
19 492 520
3 495 500
4 497 504
5 500 506
32 502 535
6 508 519
11 511 528
26 523 569
5 523 529
29 525 579
12 530 543
33 540 603
15 540 569
34 541 600
5 542 549
5 542 549
7 546 558
13 552 568
18 557 583
23 563 589
26 574 609
22 574 599
1 575 577
10 578 597
27 588 641
17 591 622
22 595 632
17 600 633
5 609 615
30 611 643
29 620 672
23 622 667
31 634 688
12 638 655
14 641 667
