100
8 1 15
8 2 12
19 2 28
19 3 27
19 3 33
23 12 55
19 15 50
6 17 28
3 19 24
18 27 49
10 37 51
24 39 85
14 41 60
15 43 66
4 45 51
15 46 69
4 47 54
22 57 80
18 57 78
24 62 88
13 70 87
23 74 108
8 74 83
4 77 83
21 78 104
10 79 91
16 81 110
8 86 96
7 97 108
2 98 101
7 100 112
23 103 127
2 104 107
12 108 131
10 108 125
2 109 112
21 110 146
23 112 143
6 118 128
24 120 145
2 126 129
2 126 129
24 127 168
2 132 135
8 134 144
4 140 146
15 142 171
6 143 151
22 146 188
16 149 174
21 151 176
2 156 159
6 156 167
24 162 189
10 162 180
1 169 171
9 169 185
12 171 190
1 172 174
7 176 185
5 178 187
2 181 184
4 183 189
20 188 223
12 188 202
9 190 202
7 191 204
3 193 198
7 197 209
24 199 239
21 206 245
8 208 217
11 210 228
13 211 232
5 212 221
13 221 246
15 221 246
1 222 224
18 226 252
5 230 237
19 230 252
3 232 236
22 233 262
18 241 263
20 245 278
10 247 259
8 248 259
3 249 254
5 257 265
7 258 269
9 262 279
16 262 282
12 267 282
12 269 289
15 271 297
23 275 309
7 276 284
13 278 297
13 283 298
11 289 309
