400
48 184 251
28 133 164
3 73 79
18 33 55
39 32 79
13 132 162
45 108 155
17 26 47
45 91 144
65 166 262
28 121 171
26 161 197
3 62 67
13 168 199
17 102 135
57 17 83
5 137 151
23 69 104
49 36 93
53 173 254
8 11 21
22 185 225
17 36 60
65 2 74
13 17 31
10 171 201
53 149 221
54 26 90
37 156 214
53 36 94
51 40 94
16 38 54
32 39 77
18 139 157
3 174 200
10 142 164
52 47 113
8 1 9
40 71 127
9 18 30
47 19 73
1 173 190
35 50 92
60 12 78
37 143 181
62 64 133
60 187 267
62 199 269
41 42 95
53 42 106
16 6 22
52 99 174
39 119 160
2 144 151
11 21 37
51 182 239
43 183 230
32 18 51
16 191 214
61 177 266
7 164 173
45 150 218
30 67 104
34 105 144
67 107 200
3 174 195
5 21 27
53 33 93
48 125 192
3 118 124
14 4 19
38 179 234
51 42 106
50 26 79
30 57 96
50 8 67
45 89 143
42 40 90
3 30 36
5 183 198
23 37 66
42 95 148
47 30 78
65 2 73
15 96 126
27 56 83
38 96 154
37 8 48
25 20 48
5 29 36
54 199 277
27 117 165
24 10 35
8 138 146
62 135 206
25 190 242
22 162 208
27 187 238
11 154 187
63 83 158
29 189 248
25 151 188
44 115 164
40 76 117
6 22 28
36 50 86
58 120 194
54 177 255
37 139 193
31 158 206
25 162 210
49 137 198
8 159 178
51 108 173
5 122 138
11 87 111
44 137 207
51 194 274
7 164 192
50 44 101
41 168 219
10 70 85
21 145 185
12 134 163
60 13 84
53 177 233
15 1 16
36 193 245
51 95 165
45 180 241
67 29 101
7 185 207
50 58 115
29 108 140
13 151 185
4 29 36
13 149 169
9 162 183
24 98 138
12 99 121
63 87 170
11 108 131
27 101 148
66 145 242
40 183 237
4 57 66
27 134 174
40 105 158
55 114 176
37 126 168
61 143 205
31 153 201
31 199 251
21 94 122
24 154 203
37 41 78
43 190 253
36 72 113
49 159 217
63 27 98
26 178 228
62 143 220
6 187 197
11 22 35
10 179 206
61 27 93
60 197 283
43 39 92
14 155 170
26 173 217
20 184 214
2 25 31
43 32 79
15 148 176
28 156 205
41 190 252
10 145 170
8 86 96
15 117 143
20 62 88
4 193 211
64 91 172
10 16 28
11 82 98
45 146 192
19 80 108
56 159 226
33 92 140
26 53 84
55 187 244
53 111 189
1 73 79
17 82 112
48 61 115
37 73 122
25 59 87
67 47 118
60 189 253
36 68 118
43 17 61
48 80 143
8 113 124
2 74 77
56 5 61
15 19 38
24 169 203
45 97 142
66 189 266
15 138 176
29 112 153
58 164 246
55 30 91
27 10 37
24 62 94
28 117 150
3 45 49
3 138 149
11 11 22
26 9 36
60 48 111
30 145 196
17 148 190
27 26 55
6 189 195
43 56 99
53 46 104
2 110 127
36 77 121
36 94 133
60 99 165
36 139 198
27 177 216
44 21 67
56 145 214
30 20 52
17 158 187
52 170 255
35 50 94
33 169 219
65 105 180
13 21 36
23 96 123
58 140 203
58 175 259
62 199 287
35 96 134
39 94 146
49 159 237
5 62 70
6 170 194
27 118 163
3 62 71
40 158 224
62 7 79
33 165 224
8 124 134
6 131 154
52 111 174
31 87 119
41 77 133
35 107 164
7 36 49
31 176 236
2 56 64
14 35 52
59 124 185
59 25 94
31 22 59
45 48 104
44 167 236
25 183 212
29 40 74
35 42 77
59 106 177
5 86 102
59 150 210
31 184 218
45 182 242
9 70 89
32 78 122
35 7 43
39 41 89
30 77 107
9 38 48
7 33 46
49 157 220
5 72 78
1 153 178
25 11 39
11 81 101
36 184 234
28 161 214
7 187 218
32 132 166
47 83 149
58 10 70
2 187 202
32 109 144
2 163 170
19 38 64
30 100 130
45 81 134
44 173 240
9 90 110
2 146 149
26 84 119
30 102 149
32 143 178
28 115 149
25 100 133
27 196 227
65 86 156
34 66 105
19 149 188
24 87 111
31 46 81
18 21 42
3 129 138
15 96 114
1 72 73
59 116 185
39 16 63
23 98 125
28 100 145
3 86 96
45 175 251
47 139 205
17 25 43
10 46 61
38 47 94
33 23 57
6 67 84
54 74 139
29 61 90
39 50 97
64 61 126
40 74 126
59 57 125
29 23 57
49 153 227
47 198 251
4 142 152
43 178 249
57 66 137
60 61 122
5 117 140
54 7 64
13 144 169
7 129 142
21 140 177
60 121 208
36 110 153
8 175 199
41 1 48
19 26 50
41 127 190
12 57 72
20 142 182
49 144 207
19 28 51
38 21 68
23 106 133
62 161 229
49 78 146
6 184 209
66 170 270
51 102 170
56 135 213
18 198 223
63 108 190
28 158 199
58 186 265
8 61 73
67 66 146
58 189 259
67 64 142
44 135 204
38 149 204
16 80 108
5 113 123
28 157 189
57 160 220
55 118 191
16 175 196
9 186 220
59 157 242
49 10 61
18 155 186
9 128 143
33 0 34
55 195 252
64 111 177
57 140 213
3 129 137
2 43 50
19 50 72
20 62 93
6 94 107
60 34 97
3 19 24
