150
8 32 40
23 62 95
9 7 18
7 48 62
11 68 86
5 25 32
24 37 65
12 27 43
3 72 75
22 44 69
3 54 64
25 15 43
8 39 50
11 8 19
21 65 96
6 64 80
1 10 12
12 24 37
21 19 44
5 26 31
6 61 77
24 31 56
8 61 74
22 18 45
3 18 22
15 19 37
14 59 81
12 25 37
8 4 13
5 66 79
23 56 89
3 8 12
23 15 43
1 67 68
4 54 66
19 1 21
9 69 86
20 7 28
6 22 31
25 40 67
14 28 46
6 9 15
17 4 24
7 31 44
22 66 89
3 65 71
22 63 95
1 28 31
25 30 59
22 12 35
1 44 46
3 60 67
8 38 48
13 7 23
6 47 58
8 45 59
1 38 43
13 59 81
25 2 30
15 20 38
18 69 96
2 71 82
1 0 1
24 12 40
23 73 108
10 26 39
21 2 23
24 30 54
5 29 38
20 10 34
4 8 13
7 54 63
8 10 19
5 30 35
23 57 81
18 61 89
1 46 54
18 32 50
25 67 100
13 74 100
25 29 56
14 16 30
4 61 74
11 41 57
25 23 51
11 64 77
17 57 83
14 65 88
14 56 72
18 47 73
10 48 58
17 63 91
22 35 65
19 61 83
18 47 68
12 70 84
2 7 10
3 61 64
3 44 53
21 25 50
14 31 48
6 52 62
20 70 102
25 18 48
10 25 35
23 60 89
8 52 64
6 59 68
19 17 37
25 0 27
10 29 42
19 9 30
20 35 60
9 47 60
12 43 58
7 3 12
18 55 83
20 10 35
20 19 39
3 45 54
5 42 52
20 68 90
7 8 17
4 14 21
8 28 38
11 59 73
17 44 69
9 27 42
24 36 62
13 0 14
22 37 63
16 8 25
17 46 65
23 24 52
9 51 69
6 57 68
21 68 91
15 54 69
1 34 37
10 71 81
7 30 39
15 61 86
12 17 34
8 38 49
20 64 97
11 0 12
10 54 65
1 59 63
9 26 39
19 42 68
