250
19 2 37
20 6 30
48 6 71
48 9 70
48 9 85
58 32 141
48 39 128
14 44 71
6 50 61
44 69 123
24 93 127
60 99 215
35 103 151
36 109 165
8 114 125
36 115 169
8 117 131
55 141 197
46 141 194
60 153 218
32 174 215
20 184 206
58 185 269
10 191 207
53 195 260
24 197 225
39 201 273
19 214 237
5 243 249
18 243 273
17 248 278
57 256 315
4 259 265
29 268 325
24 269 310
5 271 277
53 275 366
57 280 356
14 294 318
59 298 358
3 312 317
4 314 321
61 315 420
3 326 330
20 332 358
10 345 360
36 351 422
14 352 371
55 361 466
40 367 429
52 374 435
5 385 394
15 385 413
61 400 469
25 401 446
1 418 420
23 419 461
29 422 467
2 426 429
17 434 456
11 439 460
5 449 456
10 452 467
50 466 554
31 467 503
21 470 497
16 474 505
6 478 488
17 486 515
61 493 596
54 509 610
19 515 536
26 520 563
32 521 573
11 524 544
33 544 607
38 546 611
2 547 550
44 559 622
12 569 584
47 570 625
6 575 584
54 576 648
44 594 647
51 605 688
24 610 638
19 611 638
6 615 626
12 634 655
17 636 663
22 647 690
39 647 696
30 660 698
29 663 712
37 668 734
59 678 765
18 681 702
33 686 733
33 698 735
26 713 760
39 727 785
36 735 778
32 741 804
55 755 862
10 758 774
10 762 773
53 763 828
6 774 782
20 774 811
50 779 870
11 806 827
28 807 842
12 807 829
29 811 854
37 814 883
31 823 869
5 827 835
7 832 844
9 836 847
54 840 896
9 851 867
19 856 885
43 875 951
8 876 886
49 879 970
21 887 909
55 903 1009
25 904 952
58 906 1007
8 908 918
7 908 917
12 913 934
22 923 950
31 932 976
38 942 985
44 959 1017
37 959 1001
1 962 964
17 967 1000
46 983 1073
29 988 1042
37 995 1058
29 1004 1060
8 1020 1030
51 1023 1078
49 1037 1124
38 1042 1116
53 1061 1153
5 1061 1067
20 1069 1097
23 1074 1117
47 1083 1146
28 1083 1132
27 1086 1133
29 1087 1132
44 1090 1175
59 1095 1169
10 1123 1140
23 1127 1155
11 1132 1147
61 1136 1207
34 1147 1190
53 1157 1233
55 1174 1243
2 1178 1181
14 1185 1208
11 1196 1215
57 1219 1304
12 1222 1243
28 1231 1264
32 1235 1295
58 1238 1313
48 1246 1333
43 1258 1326
36 1262 1326
20 1263 1292
31 1266 1303
41 1284 1356
4 1296 1302
49 1301 1367
59 1318 1430
18 1325 1356
30 1328 1383
44 1338 1402
19 1347 1375
57 1349 1461
57 1360 1442
56 1368 1471
45 1368 1431
58 1389 1486
1 1431 1433
43 1438 1505
8 1440 1451
55 1444 1550
37 1449 1490
41 1450 1517
53 1451 1556
35 1457 1521
21 1480 1517
46 1486 1575
20 1486 1520
15 1505 1528
54 1534 1590
60 1536 1626
42 1537 1590
22 1542 1584
45 1545 1626
49 1565 1618
7 1587 1600
39 1597 1647
6 1601 1611
34 1602 1643
36 1602 1648
9 1615 1625
21 1619 1650
57 1626 1710
44 1632 1719
2 1638 1641
46 1648 1712
43 1668 1714
32 1673 1712
48 1678 1765
46 1696 1787
61 1707 1769
1 1708 1710
21 1715 1748
61 1736 1831
44 1739 1789
61 1742 1849
32 1750 1799
46 1753 1841
34 1760 1796
40 1761 1836
3 1767 1772
31 1788 1824
46 1810 1861
7 1824 1834
51 1828 1907
58 1837 1935
31 1857 1908
28 1857 1909
60 1857 1919
56 1872 1940
17 1907 1935
26 1908 1949
52 1920 2005
14 1926 1950
28 1933 1978
15 1940 1957
30 1941 1979
