500
38 5 74
40 12 59
97 12 143
97 18 141
98 19 173
118 67 290
97 79 259
29 90 147
11 102 122
90 141 251
49 188 258
121 203 437
70 211 306
73 223 336
16 232 254
74 235 347
17 240 270
93 287 393
111 288 402
122 312 444
64 354 436
41 376 421
118 377 549
20 388 421
108 396 529
48 401 458
80 408 555
39 435 483
36 492 551
9 493 504
35 504 567
115 519 638
7 525 536
59 544 661
47 546 627
10 550 561
108 558 743
115 569 723
29 597 647
120 605 726
6 633 643
7 637 650
123 639 850
6 661 668
39 672 722
19 699 727
73 711 855
28 713 751
111 731 943
81 744 870
106 758 882
10 779 797
31 780 837
124 810 950
51 813 906
1 847 849
46 849 934
58 856 946
3 863 867
35 880 926
21 890 931
10 908 922
20 916 946
102 943 1122
61 945 1016
42 951 1005
32 959 1021
11 966 985
34 983 1042
124 997 1206
108 1029 1231
38 1041 1082
53 1051 1139
65 1053 1160
22 1059 1100
67 1100 1228
76 1104 1234
3 1106 1111
89 1129 1256
24 1150 1181
95 1152 1263
12 1163 1181
110 1164 1310
89 1200 1307
103 1223 1391
48 1233 1288
38 1236 1290
12 1242 1264
25 1280 1323
33 1284 1336
44 1307 1393
79 1308 1407
60 1333 1409
59 1341 1440
75 1350 1483
119 1370 1545
36 1376 1418
67 1386 1482
66 1411 1484
53 1440 1535
78 1468 1584
73 1484 1570
64 1496 1622
111 1525 1741
19 1531 1562
20 1539 1561
106 1542 1671
12 1563 1580
40 1564 1639
100 1574 1757
21 1626 1667
56 1628 1699
25 1628 1674
59 1636 1724
75 1643 1784
63 1660 1754
9 1669 1684
14 1678 1701
17 1686 1706
109 1695 1807
18 1716 1749
38 1726 1784
87 1765 1919
15 1766 1784
99 1773 1957
41 1789 1831
111 1822 2036
50 1824 1920
117 1829 2033
16 1831 1852
15 1832 1852
24 1843 1884
43 1863 1915
62 1882 1970
77 1901 1989
88 1934 2050
75 1935 2020
1 1940 1942
35 1950 2017
93 1982 2165
58 1992 2100
74 2006 2132
58 2025 2138
16 2056 2076
102 2063 2172
100 2092 2271
77 2101 2252
107 2138 2324
9 2139 2150
40 2154 2210
47 2164 2252
96 2183 2312
57 2184 2283
54 2191 2286
59 2192 2284
88 2198 2368
120 2208 2358
20 2264 2299
46 2274 2330
23 2282 2314
124 2291 2435
68 2312 2397
107 2334 2488
111 2366 2505
4 2375 2381
28 2390 2437
22 2411 2449
116 2459 2633
24 2465 2507
57 2484 2550
64 2491 2611
118 2496 2649
96 2512 2687
87 2538 2675
73 2544 2674
40 2546 2603
63 2552 2627
82 2589 2734
7 2613 2623
99 2623 2757
119 2658 2885
36 2673 2734
61 2678 2790
89 2699 2829
39 2718 2775
115 2720 2947
115 2744 2909
112 2760 2967
91 2760 2886
117 2803 2998
2 2887 2890
87 2900 3036
15 2904 2924
112 2912 3129
74 2922 3004
83 2925 3061
108 2927 3142
72 2940 3072
43 2986 3062
92 2998 3176
40 2999 3067
30 3037 3082
110 3095 3208
121 3098 3279
84 3101 3207
44 3111 3195
91 3117 3282
99 3158 3265
14 3201 3228
78 3222 3321
69 3230 3312
12 3230 3250
73 3230 3322
17 3258 3276
43 3266 3330
114 3278 3447
88 3290 3464
3 3302 3307
92 3323 3451
87 3363 3456
65 3374 3454
97 3384 3561
94 3420 3606
123 3442 3566
2 3445 3448
42 3459 3525
124 3502 3695
89 3506 3606
124 3514 3731
64 3528 3627
92 3535 3712
68 3549 3620
81 3552 3705
5 3563 3571
62 3607 3679
93 3650 3752
13 3679 3698
104 3686 3848
118 3705 3904
63 3745 3849
56 3746 3851
121 3746 3871
113 3775 3913
35 3847 3905
51 3849 3929
104 3872 4043
28 3885 3932
55 3897 3986
29 3899 3943
30 3912 3945
60 3915 3990
13 3934 3959
34 3948 4002
9 3962 3978
85 3965 4107
6 3977 3986
98 3977 4099
113 3979 4177
10 4004 4019
33 4019 4076
97 4027 4126
15 4029 4049
18 4032 4059
91 4063 4225
103 4080 4257
4 4087 4092
124 4097 4342
69 4124 4221
62 4125 4191
36 4125 4164
55 4158 4216
106 4184 4321
55 4192 4265
20 4200 4230
96 4209 4343
92 4266 4445
14 4282 4298
16 4289 4313
2 4298 4301
62 4305 4406
30 4317 4348
119 4319 4457
92 4365 4469
86 4393 4487
77 4394 4538
57 4396 4507
41 4428 4501
91 4469 4622
53 4471 4555
47 4471 4519
75 4499 4645
44 4517 4563
104 4526 4726
29 4535 4592
67 4553 4646
41 4561 4639
24 4573 4605
60 4583 4682
75 4592 4725
17 4594 4615
106 4602 4794
11 4609 4623
7 4612 4624
68 4629 4719
25 4629 4658
4 4660 4665
101 4676 4863
97 4719 4880
23 4724 4756
96 4726 4879
39 4741 4802
86 4771 4915
76 4783 4896
11 4793 4807
120 4798 4922
19 4811 4841
47 4820 4905
1 4832 4834
25 4854 4890
21 4869 4892
52 4875 4933
80 4875 4984
17 4892 4915
37 4892 4934
51 4895 4959
71 4910 5045
82 4928 5045
46 4929 5020
31 4956 5016
96 4969 5069
116 4982 5145
51 5017 5076
87 5023 5175
18 5041 5070
29 5063 5116
86 5070 5158
21 5073 5113
1 5097 5099
48 5104 5183
13 5128 5149
50 5139 5237
91 5141 5235
39 5143 5190
37 5144 5201
32 5150 5212
4 5163 5170
82 5166 5280
10 5190 5203
29 5193 5240
93 5208 5358
79 5218 5364
116 5292 5517
80 5300 5437
97 5343 5469
123 5352 5515
96 5370 5490
33 5373 5419
88 5392 5536
75 5419 5553
59 5442 5549
51 5444 5507
14 5467 5482
56 5477 5554
112 5490 5650
82 5492 5617
74 5514 5597
76 5540 5628
49 5562 5651
38 5575 5633
106 5576 5749
30 5586 5622
112 5630 5852
2 5630 5633
37 5655 5716
13 5670 5695
103 5689 5859
84 5690 5795
15 5692 5720
106 5705 5857
124 5724 5909
5 5727 5734
99 5737 5862
17 5766 5791
104 5802 5990
110 5821 6040
101 5825 5945
63 5826 5928
103 5874 6046
27 5881 5930
48 5887 5940
61 5922 6008
79 5958 6050
63 5959 6064
49 5968 6032
99 5982 6159
71 5999 6119
112 6014 6207
100 6031 6218
102 6038 6236
40 6060 6138
21 6078 6115
23 6099 6139
82 6133 6289
5 6136 6142
2 6141 6144
40 6149 6214
61 6178 6297
39 6195 6262
118 6209 6400
59 6215 6323
87 6217 6388
54 6219 6279
65 6304 6427
97 6307 6459
70 6317 6446
120 6353 6501
8 6368 6383
112 6382 6604
29 6408 6460
2 6411 6414
49 6422 6478
18 6427 6461
100 6432 6558
9 6455 6467
93 6479 6650
109 6489 6692
48 6490 6539
110 6513 6724
106 6562 6706
64 6564 6672
99 6578 6714
115 6649 6786
40 6651 6711
89 6678 6812
81 6681 6771
42 6687 6758
57 6700 6800
122 6724 6859
42 6733 6797
13 6758 6783
82 6764 6893
97 6771 6928
65 6789 6876
81 6821 6962
65 6829 6936
29 6834 6870
46 6854 6934
32 6884 6918
33 6885 6927
116 6926 7048
24 6941 6980
120 6966 7144
46 6966 7042
47 6984 7057
110 6992 7132
66 7033 7101
32 7034 7077
14 7039 7058
70 7044 7149
37 7047 7103
7 7069 7077
86 7071 7164
20 7089 7123
118 7093 7237
60 7142 7214
70 7157 7262
62 7158 7228
32 7173 7208
119 7198 7383
95 7204 7327
37 7205 7257
83 7209 7365
83 7267 7421
61 7268 7352
81 7322 7423
101 7329 7456
115 7330 7506
4 7331 7337
19 7352 7383
48 7365 7455
100 7378 7494
25 7393 7440
22 7417 7451
112 7456 7590
80 7456 7548
102 7457 7576
80 7470 7624
94 7480 7655
41 7515 7594
4 7518 7524
50 7564 7647
96 7573 7694
60 7573 7678
86 7590 7748
13 7596 7610
57 7605 7666
120 7608 7760
3 7611 7615
48 7645 7711
46 7648 7717
