400
57 0 90
8 5 19
70 5 138
58 7 76
77 9 129
54 11 72
54 12 105
60 13 94
33 13 53
41 14 69
9 20 30
96 23 125
85 28 173
47 29 104
45 31 114
2 32 34
62 36 106
3 37 40
23 38 63
2 43 45
44 51 117
21 56 93
91 58 163
32 59 98
14 59 86
39 61 104
71 62 188
89 67 167
65 75 157
99 75 222
41 82 151
72 87 200
91 88 185
72 95 190
77 107 212
35 113 182
51 115 196
2 115 117
89 116 259
96 116 226
22 116 146
80 120 237
5 123 130
22 129 166
85 129 265
60 131 241
21 133 170
43 137 188
36 138 174
26 140 185
98 152 329
77 159 281
36 160 199
37 162 231
43 163 221
67 168 287
3 169 172
14 175 193
44 177 226
18 180 212
39 180 254
20 183 207
86 186 348
19 192 224
62 203 317
22 208 233
14 215 239
68 222 298
21 228 265
22 229 253
97 231 401
19 236 261
68 242 328
68 243 359
89 246 355
87 247 343
17 253 274
74 259 396
66 270 364
37 278 336
13 287 312
22 302 343
62 304 368
55 327 422
3 336 341
24 353 399
57 353 438
99 358 512
39 360 411
21 362 403
98 369 489
93 381 518
17 382 413
70 394 488
52 395 452
68 395 503
22 402 434
95 411 547
87 417 587
58 420 524
28 427 469
58 435 498
49 440 497
67 441 539
9 446 458
49 447 538
44 449 532
79 454 582
68 465 542
33 468 508
72 468 568
66 478 556
72 486 617
12 487 507
76 487 613
56 495 555
84 520 608
94 521 655
15 530 559
56 531 619
40 534 607
64 535 625
46 542 590
12 546 562
84 559 704
80 562 646
56 567 669
64 568 632
40 580 620
80 586 744
78 591 721
99 599 788
99 600 786
42 626 687
80 634 793
53 634 724
51 638 697
64 650 741
22 653 686
40 666 713
22 670 710
25 683 715
68 686 779
89 689 786
22 697 725
44 702 760
47 708 773
5 715 720
63 724 803
33 733 794
46 739 812
60 740 804
89 745 855
27 745 797
9 752 769
95 758 877
91 760 933
89 777 894
73 789 917
83 792 915
90 796 963
68 805 932
52 811 867
25 812 837
18 818 853
76 821 961
85 824 969
93 827 1005
93 832 1013
13 863 878
9 866 879
69 888 992
78 896 1046
85 898 1042
94 917 1018
37 927 998
88 931 1024
14 936 957
36 938 1007
78 957 1036
51 964 1035
9 965 980
20 975 1012
45 979 1046
20 982 1019
54 990 1089
16 997 1014
2 998 1000
69 1016 1105
86 1018 1142
82 1019 1127
90 1020 1157
70 1021 1158
5 1024 1029
59 1025 1097
28 1037 1075
98 1037 1178
45 1042 1130
56 1044 1132
3 1047 1052
18 1063 1098
23 1078 1108
27 1081 1130
7 1087 1097
95 1092 1219
95 1095 1198
95 1110 1266
92 1114 1222
95 1115 1238
39 1124 1165
66 1134 1255
3 1138 1141
57 1146 1253
87 1156 1269
1 1157 1158
57 1170 1254
10 1175 1193
84 1181 1345
74 1191 1276
75 1202 1305
17 1225 1248
12 1241 1261
59 1260 1357
88 1281 1444
73 1285 1376
66 1287 1386
60 1293 1359
39 1295 1356
85 1296 1381
40 1317 1365
33 1335 1390
22 1360 1382
5 1363 1368
14 1370 1394
82 1376 1479
82 1376 1509
10 1377 1387
68 1379 1452
96 1385 1484
69 1399 1516
50 1409 1476
82 1410 1560
48 1421 1479
40 1428 1479
4 1448 1453
59 1451 1520
81 1464 1581
58 1500 1583
89 1508 1624
40 1510 1589
34 1528 1588
95 1530 1694
37 1534 1596
34 1534 1596
40 1535 1600
2 1536 1538
80 1539 1674
20 1549 1575
24 1556 1580
94 1560 1689
83 1576 1727
2 1581 1584
65 1584 1656
27 1599 1646
74 1624 1733
57 1625 1720
41 1629 1685
76 1635 1746
6 1640 1651
97 1660 1799
46 1692 1745
70 1704 1821
22 1730 1757
60 1733 1806
2 1755 1757
84 1762 1900
27 1766 1812
34 1796 1838
87 1815 1945
94 1837 2022
11 1839 1856
78 1844 1979
75 1853 1972
78 1854 1945
59 1857 1945
28 1867 1909
12 1871 1894
55 1872 1976
44 1884 1960
85 1896 1994
85 1910 2039
29 1921 1972
27 1930 1967
79 1933 2054
34 1946 2007
91 1950 2130
70 1951 2086
24 1953 1982
86 1965 2069
8 1966 1976
55 1978 2054
83 1983 2146
11 2001 2012
82 2030 2118
64 2045 2143
29 2055 2100
84 2060 2202
14 2071 2092
74 2089 2225
55 2109 2199
80 2117 2244
10 2153 2165
43 2159 2233
36 2177 2218
52 2216 2287
78 2230 2337
38 2231 2274
51 2269 2365
18 2291 2322
59 2334 2420
46 2334 2418
94 2348 2483
1 2354 2355
30 2357 2387
19 2404 2423
87 2411 2579
45 2423 2491
71 2445 2562
50 2458 2545
63 2465 2530
9 2480 2496
93 2489 2625
22 2516 2556
96 2538 2697
35 2539 2606
93 2545 2656
94 2550 2662
83 2566 2716
39 2577 2637
83 2581 2744
89 2590 2735
24 2592 2622
21 2592 2629
35 2594 2663
4 2612 2619
90 2634 2769
22 2636 2660
47 2649 2714
14 2653 2680
82 2665 2820
3 2723 2727
49 2788 2845
65 2815 2911
79 2815 2926
43 2840 2897
56 2892 2952
5 2940 2949
7 2953 2965
28 2977 3026
26 2986 3030
44 3000 3049
11 3027 3046
32 3037 3073
91 3073 3242
31 3099 3138
1 3104 3105
35 3109 3170
69 3132 3257
9 3133 3142
67 3154 3271
25 3167 3204
41 3222 3293
15 3225 3247
29 3243 3292
18 3249 3271
4 3265 3271
31 3427 3483
66 3448 3548
11 3467 3482
56 3484 3566
19 3548 3574
36 3577 3617
2 3611 3613
34 3641 3681
44 3652 3737
73 3663 3795
10 3737 3749
31 3760 3808
70 3840 3972
86 4109 4223
21 4120 4156
18 4190 4217
24 4231 4258
97 4246 4384
71 4249 4343
47 4306 4395
11 4352 4373
75 4372 4503
13 4380 4404
59 4738 4809
