100
6 0 7
13 0 17
14 0 19
17 1 26
22 2 29
15 2 25
1 2 3
8 2 15
2 2 4
8 2 14
16 5 21
3 6 11
21 7 28
5 8 16
2 9 12
7 10 21
11 12 29
4 13 19
19 13 48
7 14 26
16 15 35
10 18 33
19 19 51
12 19 40
16 23 43
13 27 51
12 28 43
8 29 43
24 30 69
10 31 48
17 34 52
5 35 43
8 36 49
15 37 55
21 38 70
24 39 84
4 39 46
6 39 48
22 40 63
17 40 58
4 42 49
18 42 71
16 44 75
21 45 86
6 46 52
9 46 56
16 50 74
11 50 70
12 51 63
2 52 55
18 53 76
21 58 80
18 60 90
24 60 103
7 61 70
6 62 69
22 70 103
23 70 114
9 73 89
2 77 79
16 78 104
1 85 86
23 87 127
23 88 127
14 91 116
3 94 99
9 94 111
21 96 122
8 99 110
22 99 133
9 99 111
21 102 125
20 105 131
15 110 131
2 113 115
6 118 129
15 122 137
13 124 146
22 128 155
4 129 134
12 129 150
22 130 154
1 133 134
3 140 143
2 163 165
16 171 196
8 174 185
1 177 178
1 187 188
10 188 200
1 189 190
12 208 227
12 210 232
7 210 219
12 238 254
2 242 245
6 247 255
20 268 306
17 271 289
14 273 298
