450
51 141 196
57 98 167
23 26 51
55 223 287
65 181 281
25 211 260
7 127 146
55 223 310
41 128 192
16 106 122
9 172 186
25 140 174
7 202 215
53 215 271
36 153 201
44 34 88
7 54 70
1 30 32
25 215 258
27 219 248
14 210 233
26 103 139
72 2 80
12 107 127
65 194 291
20 90 115
61 8 77
55 3 58
25 212 247
36 175 212
65 87 166
16 163 190
60 102 172
12 30 47
40 47 96
57 156 224
75 51 144
11 174 209
17 27 44
20 174 195
58 144 203
26 120 163
53 107 173
27 13 46
16 29 51
7 204 240
6 182 208
47 47 100
26 118 147
44 4 55
49 14 67
31 96 134
1 159 167
70 2 76
33 49 88
1 94 109
55 80 144
43 142 192
5 100 106
35 20 55
3 59 69
13 147 172
28 32 62
39 167 229
16 165 203
56 8 70
59 121 183
70 18 92
15 59 85
45 150 204
38 47 91
71 67 142
37 53 96
58 195 287
15 101 131
14 0 16
27 1 29
54 174 252
50 130 189
24 54 86
28 145 198
43 133 202
44 126 190
29 192 244
14 195 239
53 164 232
16 28 44
51 209 289
26 34 65
46 94 146
43 69 125
26 73 99
53 185 260
17 6 24
62 207 292
38 144 186
75 212 318
19 171 201
26 37 70
2 210 238
68 126 215
40 49 94
5 95 107
27 20 52
63 223 290
4 62 75
43 123 183
58 130 192
26 122 156
26 50 82
52 40 100
75 184 285
64 134 205
15 104 130
49 196 251
23 155 183
33 150 194
52 86 146
74 96 190
22 68 90
16 130 164
27 134 166
33 153 207
36 189 244
41 12 60
44 120 176
66 142 215
68 199 285
65 170 258
64 102 173
8 129 147
60 62 140
42 220 292
23 110 150
24 78 108
44 181 243
2 222 234
9 179 211
54 166 243
53 125 204
74 189 269
37 72 120
50 76 130
71 202 277
39 60 107
48 178 251
62 103 181
72 179 273
73 74 162
25 82 109
18 206 255
32 102 138
36 62 112
16 21 41
27 57 90
47 80 127
24 56 83
25 164 195
52 61 128
32 8 40
52 169 231
5 67 77
37 216 272
35 189 257
59 195 268
24 224 267
17 31 50
53 91 154
19 133 154
53 62 115
52 125 192
50 193 273
60 73 141
49 152 216
20 97 120
59 157 229
69 70 151
44 217 262
39 173 237
12 57 72
10 212 250
13 94 114
72 31 116
11 41 53
68 111 184
10 42 58
14 214 254
53 80 145
35 165 212
64 70 141
48 91 152
27 172 216
65 182 284
70 47 119
26 219 274
48 142 206
24 105 133
69 176 248
61 8 78
60 74 141
74 102 182
17 66 90
60 77 147
49 132 206
46 52 111
22 14 36
5 30 41
73 24 109
75 58 139
14 79 100
65 181 254
39 87 144
26 145 184
2 213 224
22 123 160
41 131 192
43 122 189
20 172 213
71 52 132
55 219 293
68 188 290
48 91 153
4 55 64
24 104 133
71 161 239
20 24 50
23 73 99
1 167 190
56 7 65
65 82 147
46 103 155
30 224 279
63 205 305
57 150 223
46 81 128
27 92 134
47 26 74
35 122 164
59 0 62
48 82 132
59 202 275
29 215 257
10 161 181
13 19 35
16 41 57
47 62 124
40 218 277
72 178 278
20 80 112
66 3 69
26 186 243
67 146 216
44 117 182
39 181 222
31 5 38
29 35 70
41 21 69
70 4 77
48 143 192
65 70 138
6 186 220
18 59 80
28 49 77
9 112 128
59 92 154
67 75 144
23 94 117
41 115 167
39 175 222
56 61 128
30 116 150
50 191 242
5 16 24
24 161 212
67 186 283
41 147 215
42 146 208
70 53 135
45 139 199
67 12 87
69 146 229
68 122 192
4 181 186
70 29 100
72 116 189
10 141 173
3 211 245
36 164 221
64 113 178
15 63 81
43 50 93
18 96 116
8 188 216
9 39 51
21 58 81
28 219 260
40 199 261
41 15 62
36 36 72
65 152 247
74 63 145
58 96 154
29 77 110
34 128 187
27 0 30
35 153 203
18 44 70
30 139 179
16 161 199
13 26 41
8 1 10
30 85 131
66 183 266
31 120 157
53 11 65
65 134 218
35 61 110
14 128 152
57 11 78
15 77 104
23 119 157
6 178 194
40 214 275
35 37 73
6 144 169
17 17 37
45 137 199
68 130 214
24 45 73
47 20 68
36 82 134
32 142 194
69 187 277
20 200 223
35 57 106
68 17 92
59 140 215
44 20 74
39 120 162
7 86 99
50 42 97
29 44 77
58 60 124
67 81 152
10 10 23
21 211 240
42 1 47
10 47 62
17 20 40
24 168 205
35 148 189
27 13 40
29 105 138
35 210 247
47 50 100
51 177 243
17 162 188
39 110 163
57 105 184
13 196 209
41 220 299
53 106 180
6 77 85
41 117 175
69 9 79
68 60 140
43 89 144
35 104 154
43 116 166
27 51 85
20 55 81
53 174 244
18 134 160
31 113 149
42 18 64
9 82 101
28 54 90
13 69 85
28 6 36
75 151 259
57 31 98
38 130 190
32 100 145
28 50 90
21 195 228
39 197 250
17 5 25
26 25 54
20 190 234
21 188 237
52 45 109
70 116 203
30 4 35
70 115 211
26 107 150
15 182 219
7 37 47
68 19 94
71 28 110
21 104 141
43 117 161
69 187 287
65 5 70
74 79 158
71 51 131
41 99 159
35 127 163
37 91 131
46 113 160
43 137 191
58 169 256
1 180 186
13 116 131
44 202 262
63 44 111
38 147 204
55 109 185
46 223 280
52 125 199
62 76 143
69 32 105
2 85 87
20 37 64
6 54 68
57 163 244
75 70 149
66 203 304
5 23 32
37 30 74
39 216 289
53 120 192
27 13 44
6 13 22
40 91 143
1 219 229
73 61 153
37 100 138
70 3 78
37 160 222
43 40 95
73 223 314
43 23 67
2 148 166
4 57 62
48 179 248
22 170 192
47 165 237
38 49 94
65 160 242
56 120 184
