500
113 2 188
54 4 103
10 6 23
68 9 114
66 10 97
48 20 89
15 25 41
118 27 186
59 28 121
29 28 82
25 28 57
12 30 52
74 30 176
77 32 177
104 32 158
62 34 122
98 36 184
72 36 114
89 42 199
81 49 136
75 53 140
32 54 112
104 56 216
92 61 197
78 63 211
24 67 96
49 71 138
16 71 99
115 77 243
2 78 81
81 83 208
9 83 98
5 85 93
11 94 106
22 100 131
10 101 119
89 101 202
80 107 234
120 108 338
15 109 125
74 109 256
72 111 213
16 112 138
78 113 246
27 115 167
119 117 247
116 119 258
36 121 182
29 125 174
77 125 268
52 125 201
95 131 269
43 132 206
25 133 169
7 138 147
4 140 147
34 148 188
70 149 225
19 150 187
7 151 158
112 152 294
119 154 368
13 159 178
98 159 316
95 168 320
113 170 390
43 170 216
66 174 278
54 178 274
5 180 187
71 185 279
1 185 186
43 188 232
72 188 331
62 189 255
64 195 282
95 204 369
75 209 343
31 209 265
99 216 380
106 219 366
87 225 369
118 230 368
63 232 329
42 237 291
115 242 417
37 243 295
100 243 348
19 249 283
1 257 258
112 266 389
108 268 472
14 270 295
114 273 452
110 276 389
121 282 521
39 286 331
24 294 328
76 302 442
17 307 325
44 311 391
5 321 329
13 329 344
88 332 496
16 339 358
39 339 415
32 343 386
101 352 466
42 353 417
60 353 415
103 354 497
19 355 383
59 363 454
44 365 444
103 373 539
108 374 531
68 380 473
106 383 524
30 388 423
71 393 484
36 397 438
46 398 452
52 407 471
119 416 570
52 416 477
97 419 554
112 420 606
77 421 522
38 423 491
99 425 527
106 433 617
14 441 460
22 445 481
86 452 577
95 453 590
52 466 548
54 471 543
73 471 584
31 477 533
11 477 492
41 483 560
110 489 601
66 496 571
17 512 539
24 533 567
1 539 540
83 540 634
39 541 593
91 548 683
11 551 563
14 571 597
51 582 666
20 589 614
6 590 601
33 605 662
70 608 737
88 613 741
19 619 653
92 625 720
31 631 677
45 639 718
33 649 697
19 651 680
23 657 702
62 659 722
119 659 793
5 662 668
71 663 796
93 677 815
2 685 687
84 685 793
102 687 796
94 688 843
13 699 723
19 699 726
89 703 804
67 713 825
57 745 855
71 771 842
62 775 888
92 781 896
21 786 810
118 788 1012
52 811 885
113 829 974
83 831 938
76 844 962
48 845 918
74 881 958
25 893 936
10 898 917
82 908 1017
2 917 919
1 918 919
76 924 1067
96 925 1080
21 931 962
50 933 1032
107 937 1079
121 953 1143
55 955 1022
13 965 982
9 967 984
5 972 979
63 975 1094
32 976 1018
7 1002 1015
32 1012 1053
119 1013 1175
71 1055 1183
122 1063 1281
54 1075 1165
117 1080 1216
124 1096 1223
56 1106 1162
102 1123 1237
79 1124 1225
56 1131 1196
36 1138 1201
66 1139 1246
46 1145 1227
95 1162 1302
45 1165 1230
44 1170 1229
33 1176 1234
119 1186 1377
32 1203 1240
97 1206 1375
10 1215 1229
81 1218 1370
55 1219 1281
47 1221 1307
37 1233 1303
74 1241 1337
100 1244 1443
32 1271 1324
43 1279 1332
26 1288 1335
120 1296 1463
80 1299 1455
94 1308 1471
112 1320 1470
33 1356 1412
47 1364 1418
71 1366 1440
114 1370 1487
104 1371 1571
67 1379 1503
27 1392 1444
119 1393 1525
117 1403 1561
51 1424 1491
1 1430 1431
69 1444 1567
35 1468 1520
63 1487 1561
18 1490 1525
99 1495 1676
78 1504 1657
50 1510 1564
107 1510 1699
51 1516 1582
26 1518 1544
9 1526 1537
92 1527 1634
95 1540 1650
17 1550 1569
111 1566 1679
100 1572 1738
124 1604 1740
77 1610 1759
92 1613 1756
5 1618 1623
42 1622 1682
119 1627 1788
26 1637 1675
2 1641 1644
33 1644 1688
15 1653 1668
48 1655 1728
51 1658 1715
43 1724 1804
121 1743 1895
41 1744 1792
108 1746 1910
16 1769 1798
47 1783 1848
113 1784 1936
123 1795 2003
95 1797 1899
30 1820 1874
113 1848 2026
79 1870 1956
54 1888 1959
116 1889 2094
106 1890 2091
64 1895 2014
2 1909 1911
78 1921 2020
2 1926 1929
106 1934 2116
68 1934 2067
30 1936 1988
72 1944 2050
103 1949 2148
44 1985 2040
100 1992 2166
28 1995 2048
49 2009 2068
102 2010 2204
57 2018 2116
95 2058 2156
116 2066 2297
18 2078 2101
64 2090 2210
47 2091 2145
97 2095 2282
10 2106 2117
58 2109 2190
5 2111 2117
117 2118 2254
92 2134 2307
30 2160 2192
73 2161 2282
92 2174 2271
114 2181 2310
4 2188 2193
124 2203 2443
15 2204 2233
120 2210 2342
20 2211 2241
19 2223 2244
14 2248 2270
103 2261 2373
33 2267 2310
83 2270 2415
36 2296 2365
50 2318 2416
8 2320 2335
29 2391 2429
84 2404 2489
60 2407 2489
53 2427 2525
34 2430 2468
41 2433 2488
88 2437 2535
98 2472 2664
119 2492 2689
46 2509 2559
67 2511 2599
71 2519 2625
109 2527 2694
101 2533 2672
93 2536 2671
71 2549 2657
110 2551 2733
40 2583 2662
91 2619 2739
77 2661 2789
48 2700 2768
12 2733 2746
35 2733 2798
13 2734 2751
62 2752 2862
7 2763 2776
83 2773 2880
96 2800 2930
42 2810 2868
13 2813 2830
41 2816 2857
120 2824 3033
106 2842 2987
3 2847 2850
44 2854 2931
119 2862 3098
76 2873 2999
11 2885 2903
64 2897 3005
93 2913 3037
79 2930 3017
38 2938 2994
123 2952 3107
9 2974 2988
33 2979 3026
48 2983 3046
118 2991 3157
52 3003 3093
34 3030 3073
70 3036 3133
26 3036 3077
42 3040 3123
94 3044 3173
19 3081 3111
102 3108 3210
92 3132 3250
47 3159 3232
109 3171 3291
79 3188 3292
53 3193 3262
51 3206 3284
44 3230 3308
4 3242 3248
3 3243 3247
79 3264 3377
70 3269 3391
89 3285 3441
115 3332 3484
7 3346 3355
76 3383 3521
40 3390 3444
21 3417 3444
54 3451 3555
36 3456 3513
49 3472 3549
64 3473 3539
14 3536 3559
113 3539 3739
9 3578 3587
38 3601 3663
116 3627 3745
21 3641 3668
49 3647 3730
50 3666 3761
34 3668 3722
93 3707 3892
101 3736 3902
101 3758 3930
84 3764 3850
60 3783 3856
12 3834 3855
25 3845 3878
85 3885 3988
33 3897 3952
116 3925 4088
97 3931 4109
104 3942 4149
124 3962 4135
7 3968 3977
31 4000 4036
100 4006 4134
115 4092 4288
105 4133 4257
46 4201 4261
117 4273 4442
93 4294 4416
35 4310 4346
120 4316 4449
103 4319 4433
36 4340 4378
56 4343 4438
106 4351 4458
117 4361 4585
99 4367 4480
42 4371 4431
112 4421 4594
67 4488 4620
115 4504 4724
113 4512 4728
59 4564 4646
73 4601 4733
22 4631 4673
41 4694 4768
81 4714 4827
36 4742 4799
9 4839 4850
16 4914 4944
42 4941 5020
118 4988 5166
2 5034 5036
100 5137 5321
54 5166 5238
29 5186 5238
103 5246 5400
80 5477 5575
108 5645 5805
21 5652 5686
110 5683 5843
52 5699 5786
55 5701 5788
114 5717 5915
1 5797 5798
31 6001 6035
103 6022 6176
50 6024 6098
67 6160 6250
92 6185 6312
51 6193 6245
73 6199 6338
107 6314 6457
19 6358 6383
109 6461 6582
52 6488 6542
18 6537 6567
112 6570 6786
7 6581 6591
10 6676 6687
120 6677 6856
19 6851 6888
80 6917 7062
103 6926 7039
