350
53 124 190
26 14 40
38 85 129
36 151 213
2 64 73
26 7 36
3 81 86
26 98 138
9 167 192
28 106 145
49 122 174
43 145 207
36 64 106
2 33 36
54 42 108
28 72 110
9 12 25
41 64 108
47 124 194
48 39 91
46 30 83
56 31 95
37 97 151
10 16 27
58 86 149
33 91 134
46 66 128
51 90 153
4 166 185
20 137 170
16 17 34
47 74 136
58 36 96
18 110 144
36 149 192
23 12 41
39 59 105
55 27 92
21 84 108
29 99 132
21 152 195
24 87 117
6 14 22
55 22 81
13 87 112
6 156 180
26 36 71
14 67 87
16 145 173
4 14 20
18 0 18
35 138 191
31 11 44
3 22 28
11 160 196
56 121 202
29 91 138
36 40 86
33 64 99
35 26 67
24 18 43
23 17 42
14 110 132
18 53 79
24 111 156
40 173 228
5 8 13
44 173 244
40 27 70
27 95 140
43 136 191
19 112 137
35 126 180
53 90 148
25 162 204
36 89 136
22 22 46
34 11 47
29 120 163
13 82 107
13 50 68
48 150 205
55 90 160
38 99 154
53 109 166
58 62 131
31 83 127
8 14 25
20 75 101
15 28 47
27 145 189
31 101 132
23 58 87
57 88 156
19 9 29
37 54 98
56 121 183
51 119 173
6 102 113
41 121 175
38 98 148
55 97 174
22 164 203
22 173 202
44 12 56
25 26 51
43 134 202
44 13 59
31 151 198
19 91 122
46 110 168
27 125 168
39 168 219
13 159 197
46 167 215
30 130 177
4 118 124
40 6 48
54 135 191
2 151 159
30 141 174
41 31 83
3 54 58
29 18 51
32 90 135
46 57 117
2 40 47
38 174 212
50 20 77
53 174 232
20 174 208
57 114 192
26 105 140
28 90 124
7 13 20
29 152 204
29 85 114
28 92 130
9 118 128
56 114 193
5 60 65
2 140 158
9 149 166
53 122 192
44 21 65
19 56 86
52 164 241
44 7 53
9 35 48
52 145 200
24 60 85
11 130 142
43 9 54
49 51 108
11 134 164
14 52 74
4 24 30
36 160 221
18 52 81
31 69 100
42 27 73
16 89 117
40 41 91
10 129 139
36 49 85
9 140 170
4 166 179
20 90 121
23 143 184
8 45 55
45 125 185
9 165 198
30 57 89
45 145 200
2 159 171
51 18 74
41 72 122
50 165 243
26 24 50
44 12 58
28 120 170
35 165 221
15 114 130
35 158 194
35 97 149
48 54 105
22 40 66
47 136 193
28 78 111
1 45 47
10 89 110
42 126 181
23 27 54
33 171 234
32 106 152
35 164 226
18 106 133
30 72 117
33 168 206
21 137 171
15 3 18
56 65 129
26 9 38
32 101 148
27 10 40
49 86 154
3 54 65
26 38 64
30 98 138
5 47 57
11 142 166
15 115 144
36 85 126
39 144 186
31 119 164
17 166 195
33 113 165
17 89 122
35 12 52
16 6 23
22 47 79
52 110 172
59 16 83
55 42 105
26 36 67
31 6 39
37 48 96
13 139 161
31 96 140
22 28 57
10 151 183
10 19 31
44 31 83
41 105 167
56 11 72
29 1 32
46 132 200
10 72 87
16 58 81
46 165 212
24 57 82
20 141 162
58 108 173
10 162 182
35 155 202
15 118 149
8 68 86
15 44 67
37 40 83
15 94 124
43 133 178
24 146 188
44 30 80
37 110 149
55 106 167
32 128 179
54 40 107
25 88 128
53 75 136
58 60 128
51 67 120
53 37 95
13 58 75
54 88 157
18 25 45
27 12 45
34 20 60
15 134 169
50 49 110
58 1 66
28 77 113
36 40 79
20 86 107
26 121 167
19 77 106
48 92 156
19 134 170
10 107 131
44 134 202
30 38 76
56 8 67
50 2 60
16 100 121
44 43 91
17 113 148
39 108 156
12 1 13
14 57 77
14 71 85
33 7 44
45 109 160
22 135 178
23 101 136
36 109 158
57 31 92
2 116 136
18 39 62
14 13 27
24 39 69
40 63 111
55 26 83
30 142 191
56 141 213
56 142 226
43 142 201
51 96 151
17 23 46
48 85 149
2 29 32
47 25 77
53 24 79
41 115 165
37 158 225
57 134 201
39 39 84
22 159 192
15 45 66
28 36 70
53 110 170
48 63 113
56 49 105
12 43 63
39 163 226
19 158 197
8 7 15
33 25 64
19 172 220
8 59 73
3 41 45
17 136 164
12 114 145
13 165 182
17 36 54
24 11 35
11 56 75
47 101 158
4 171 197
17 172 213
12 114 132
12 30 43
26 124 151
18 131 167
4 125 149
32 11 43
3 100 112
44 79 125
3 141 152
8 128 157
7 23 33
54 80 138
