400
31 4 61
78 9 114
32 10 48
77 15 113
78 16 139
94 54 231
77 63 206
23 72 117
9 81 97
72 112 200
39 150 205
97 162 350
56 169 245
59 178 269
13 185 203
59 187 276
13 191 214
74 229 313
88 230 320
97 249 354
51 283 348
33 300 336
94 301 438
16 309 335
86 316 422
39 319 365
64 325 443
31 347 385
7 393 402
28 393 439
28 402 452
92 414 509
6 419 428
47 434 527
38 435 500
8 439 448
86 446 593
92 454 577
23 476 516
96 483 580
5 505 513
6 508 519
98 510 678
5 528 534
31 537 577
15 558 580
58 567 682
22 569 599
88 583 751
65 594 695
85 605 705
8 621 635
25 622 668
99 646 758
41 648 723
1 676 678
37 678 747
47 683 756
3 688 692
28 702 739
17 710 743
8 725 736
16 731 755
81 753 895
49 755 812
34 759 803
26 766 816
9 772 788
27 785 832
99 797 964
87 822 985
31 832 865
43 840 912
52 842 927
18 847 881
53 880 982
61 883 987
2 885 888
71 902 1003
20 919 944
76 921 1010
10 929 944
88 931 1048
72 959 1046
82 978 1112
38 986 1030
30 988 1031
10 993 1011
20 1024 1059
27 1027 1069
35 1046 1114
63 1046 1125
48 1066 1127
47 1072 1151
60 1080 1187
95 1096 1236
29 1101 1135
53 1109 1185
53 1129 1187
42 1152 1227
63 1174 1268
58 1187 1256
51 1197 1297
89 1220 1393
15 1225 1250
16 1231 1249
85 1233 1337
10 1250 1264
32 1251 1311
80 1259 1405
17 1300 1333
45 1303 1360
20 1303 1340
48 1309 1380
60 1315 1428
50 1328 1402
7 1335 1347
11 1342 1360
14 1349 1365
88 1356 1447
15 1373 1401
30 1381 1427
69 1412 1534
12 1413 1428
79 1418 1565
33 1431 1465
89 1457 1629
40 1459 1536
93 1463 1625
13 1465 1482
12 1465 1481
19 1474 1507
35 1490 1532
49 1505 1575
62 1521 1592
71 1547 1641
60 1548 1616
1 1552 1554
28 1560 1614
74 1585 1730
46 1593 1679
59 1605 1705
47 1619 1710
13 1646 1662
82 1651 1738
80 1674 1817
61 1681 1801
85 1711 1859
7 1712 1721
32 1724 1769
37 1731 1800
76 1747 1849
45 1748 1826
43 1753 1829
47 1754 1827
70 1759 1895
96 1767 1887
16 1811 1839
37 1818 1863
18 1826 1851
99 1833 1948
55 1850 1919
86 1867 1991
89 1892 2003
3 1899 1904
23 1911 1950
18 1929 1960
92 1967 2105
19 1972 2005
46 1987 2041
51 1993 2089
95 1996 2119
77 2009 2149
69 2030 2139
59 2034 2139
32 2036 2082
51 2041 2102
66 2070 2187
6 2089 2098
79 2098 2205
95 2126 2307
29 2138 2187
49 2143 2233
71 2159 2262
31 2174 2219
92 2176 2357
92 2195 2327
90 2208 2374
73 2208 2309
93 2242 2397
2 2309 2312
69 2320 2428
12 2323 2339
89 2329 2501
59 2338 2403
66 2339 2447
86 2341 2512
57 2351 2455
34 2389 2449
74 2397 2540
32 2398 2453
24 2428 2464
88 2475 2565
97 2477 2622
68 2480 2566
35 2487 2554
73 2492 2624
79 2526 2612
11 2561 2582
62 2576 2655
10 2583 2600
55 2584 2650
58 2584 2657
14 2605 2620
34 2612 2662
91 2622 2757
70 2632 2770
2 2641 2644
74 2657 2760
69 2690 2764
52 2698 2762
77 2707 2847
75 2735 2883
99 2753 2853
2 2756 2759
33 2767 2818
99 2801 2955
71 2804 2884
99 2810 2983
51 2821 2900
74 2827 2969
54 2838 2894
65 2840 2963
4 2849 2856
49 2884 2941
75 2918 3001
11 2941 2957
83 2947 3076
95 2963 3123
50 2994 3076
45 2995 3079
97 2995 3095
90 3018 3128
28 3076 3122
41 3078 3143
83 3096 3232
23 3107 3146
44 3117 3188
24 3118 3155
24 3129 3155
48 3131 3191
10 3146 3165
28 3157 3201
7 3168 3180
68 3170 3284
5 3180 3188
79 3180 3278
90 3182 3340
8 3202 3214
26 3214 3259
78 3221 3301
12 3222 3238
14 3224 3245
72 3249 3377
82 3263 3404
3 3268 3272
99 3277 3473
55 3298 3376
29 3298 3330
50 3299 3353
44 3325 3372
85 3346 3456
44 3353 3412
16 3359 3383
77 3366 3473
74 3412 3556
11 3425 3438
13 3431 3450
2 3438 3441
50 3443 3524
24 3452 3477
95 3454 3565
74 3491 3574
69 3513 3588
62 3514 3630
45 3515 3602
33 3542 3600
73 3574 3696
42 3576 3642
38 3576 3615
60 3599 3716
36 3613 3651
83 3620 3779
23 3627 3672
54 3642 3717
33 3648 3710
20 3658 3685
48 3666 3745
60 3673 3779
14 3674 3691
85 3681 3835
9 3686 3697
6 3688 3699
54 3703 3774
20 3703 3726
3 3728 3732
81 3741 3891
78 3775 3904
18 3779 3804
77 3781 3904
31 3793 3841
69 3816 3932
61 3826 3917
9 3834 3845
96 3838 3938
15 3848 3872
38 3855 3924
1 3865 3867
20 3883 3912
17 3895 3914
42 3900 3947
64 3900 3987
14 3913 3932
29 3913 3946
41 3915 3967
57 3927 4036
65 3943 4036
37 3943 4016
25 3965 4013
77 3976 4057
92 3986 4115
41 4013 4060
69 4018 4138
15 4033 4057
23 4051 4093
69 4056 4126
17 4058 4090
1 4077 4079
38 4083 4146
11 4102 4120
40 4111 4189
73 4112 4187
29 4115 4160
32 4116 4154
25 4120 4168
3 4131 4136
66 4134 4226
8 4153 4164
23 4155 4193
75 4167 4288
63 4175 4292
93 4234 4414
64 4241 4351
77 4276 4376
98 4282 4412
76 4296 4391
26 4298 4334
70 4314 4429
60 4336 4443
47 4354 4439
41 4355 4405
12 4374 4387
45 4382 4444
89 4392 4519
65 4394 4493
59 4411 4477
61 4432 4503
39 4450 4521
30 4460 4506
85 4461 4599
24 4469 4498
90 4504 4682
2 4504 4507
30 4524 4573
11 4536 4557
82 4552 4687
67 4553 4637
12 4554 4576
84 4565 4685
99 4580 4728
4 4582 4588
79 4590 4690
14 4613 4633
83 4642 4792
88 4657 4832
81 4660 4756
50 4661 4742
82 4699 4836
22 4704 4744
39 4710 4753
49 4738 4807
63 4766 4839
50 4767 4850
39 4774 4825
79 4785 4926
56 4799 4893
90 4811 4966
80 4824 4973
81 4830 4987
32 4848 4910
