150
9 0 10
19 0 26
20 0 28
25 1 38
12 2 20
33 3 43
22 3 37
1 3 4
11 3 21
3 3 6
24 8 32
4 9 15
32 10 43
7 11 22
3 14 19
18 15 35
11 16 34
5 16 21
16 18 43
28 19 70
6 20 29
10 20 38
23 23 51
15 27 49
28 28 76
17 28 58
23 35 64
19 40 76
18 41 64
12 43 64
35 44 101
14 46 70
25 47 73
25 50 77
7 52 63
11 53 71
23 55 83
31 56 103
35 57 123
5 58 67
25 58 84
9 58 72
32 59 93
6 61 71
27 62 106
24 65 112
32 67 130
8 67 75
13 68 82
14 72 99
24 74 110
16 74 103
17 76 93
3 77 82
27 77 112
23 82 119
32 86 120
36 88 153
26 89 133
10 90 103
22 90 130
9 91 101
33 102 151
35 103 171
21 103 142
13 108 131
3 112 116
20 112 136
24 114 153
12 120 139
2 125 127
34 128 188
34 130 187
13 131 149
21 134 171
4 138 145
13 138 163
31 143 181
33 145 196
11 146 161
13 146 164
25 147 174
17 149 176
31 150 184
30 154 194
22 162 194
3 166 170
21 166 200
8 174 189
3 175 178
23 179 202
30 182 240
19 184 216
32 189 229
6 191 199
18 191 223
33 193 230
1 196 197
4 208 213
3 214 217
22 228 264
8 229 243
3 240 243
22 241 268
24 253 291
12 257 274
1 262 263
28 265 307
6 266 277
2 275 277
15 277 296
2 279 281
36 285 326
36 289 340
18 307 336
17 309 341
10 309 322
4 317 322
17 337 355
15 348 369
18 350 374
3 357 362
6 359 367
9 364 376
17 369 399
10 374 386
14 382 401
9 394 405
29 396 451
34 398 454
26 400 428
11 403 421
34 404 455
21 405 443
23 414 440
11 442 462
7 451 458
3 457 460
28 460 504
10 460 479
11 466 486
7 482 490
31 512 544
12 515 533
14 527 547
9 539 553
7 550 559
6 560 569
23 566 608
1 573 574
