400
21 4389 4414
48 5564 5620
97 1552 1659
55 5355 5420
42 5473 5524
87 3563 3665
4 2473 2477
12 4108 4122
19 4193 4215
63 6430 6505
12 3169 3183
39 4134 4176
58 3527 3594
17 6482 6502
73 3785 3872
24 3101 3129
51 7367 7426
25 2117 2147
63 3800 3870
1 4825 4826
42 6930 6977
16 145 164
68 1020 1094
27 6566 6595
33 5124 5163
41 3213 3260
73 2352 2441
93 596 709
21 2116 2141
88 967 1073
28 1614 1648
74 1211 1292
90 3972 4082
98 4363 4483
58 5014 5082
55 596 659
5 701 706
84 5625 5720
87 5688 5794
29 6604 6637
78 4155 4248
90 885 994
35 2109 2151
17 1929 1947
46 2831 2884
86 4902 5006
24 7384 7413
66 5035 5107
42 113 164
96 1152 1260
22 3213 3237
88 3327 3424
16 4547 4566
15 2979 2995
39 594 640
33 271 309
24 6144 6172
16 1485 1503
44 5865 5915
33 5445 5484
83 4757 4853
21 3619 3642
21 6996 7019
84 3268 3362
5 2149 2154
55 1731 1797
59 5262 5331
18 141 161
85 2217 2310
86 1499 1596
91 3847 3958
90 552 658
73 3289 3371
88 7121 7221
94 5103 5208
67 1718 1797
17 1954 1973
87 4386 4493
40 3900 3945
7 1038 1045
51 4103 4160
99 422 535
42 4425 4472
9 5249 5258
33 4875 4914
72 1256 1343
86 1070 1169
94 704 817
80 2663 2762
79 5567 5661
57 2423 2486
4 3818 3822
8 3728 3737
22 3739 3763
73 479 559
77 139 223
57 6621 6690
51 5445 5503
16 6339 6358
9 7059 7068
11 3951 3963
43 4895 4942
39 304 348
85 3877 3980
19 3301 3323
73 4739 4825
58 3712 3778
16 7388 7406
16 5048 5067
57 6230 6292
75 5648 5735
92 799 908
23 4711 4736
25 6394 6422
82 5262 5361
54 6466 6530
63 7290 7364
91 1249 1355
68 3410 3489
56 284 345
1 310 311
29 5359 5391
93 2810 2918
92 4034 4141
100 6514 6628
58 4741 4811
70 6579 6665
3 3063 3066
32 5042 5077
72 2946 3035
62 4523 4593
3 795 798
65 7328 7399
6 4474 4480
15 1994 2010
74 7195 7278
49 6953 7012
56 7331 7392
34 6039 6080
75 1921 2005
31 4284 4319
73 2869 2953
63 982 1059
85 5489 5582
99 1197 1307
2 6348 6350
37 619 659
61 3097 3171
35 4292 4330
90 1570 1673
2 6114 6116
36 1383 1424
36 2452 2493
63 6956 7025
97 6895 7006
16 1323 1342
1 5647 5648
86 2509 2605
40 6435 6483
36 4000 4044
35 1990 2030
58 5658 5721
81 4458 4553
70 863 948
75 2917 3001
4 3673 3677
48 5139 5198
13 2816 2831
38 1633 1679
37 565 609
80 408 503
16 977 996
26 7373 7401
92 5004 5117
53 5790 5849
49 6784 6844
95 3781 3888
39 744 787
79 6329 6416
37 6058 6102
82 2395 2486
61 5051 5124
63 6233 6305
47 597 654
45 6008 6059
51 7277 7339
95 4615 4730
43 6959 7009
80 3028 3127
48 734 790
91 6348 6450
58 268 332
19 2136 2157
9 1881 1890
63 5847 5916
16 777 794
20 1103 1125
30 2732 2768
90 7278 7382
71 7272 7355
60 13 86
35 595 635
23 1718 1743
10 1900 1911
25 2052 2080
28 6484 6518
15 7350 7366
64 6965 7035
95 629 740
11 3242 3254
4 1184 1188
37 613 657
76 2031 2124
65 5575 5649
95 3543 3647
95 4596 4700
54 7095 7158
15 3834 3850
56 1068 1134
79 7012 7101
90 2662 2768
57 1479 1543
78 1627 1714
61 1008 1082
19 2501 2521
34 6286 6325
77 7165 7258
11 3122 3134
56 5335 5399
87 950 1049
2 1935 1937
77 1366 1453
60 6488 6561
1 7081 7082
48 5780 5839
37 7068 7110
81 4117 4207
73 6413 6499
10 2990 3001
62 3672 3740
14 5314 5330
94 52 157
82 1162 1253
18 264 283
24 709 735
44 2468 2521
10 3741 3752
53 94 155
61 3009 3084
49 3083 3138
62 1734 1807
10 517 528
2 2338 2340
51 6840 6901
35 6593 6635
85 7362 7467
34 6432 6469
35 4890 4929
4 6698 6702
28 846 879
18 6195 6216
57 2807 2874
22 4096 4120
90 7005 7116
5 1117 1122
6 1204 1210
80 2767 2856
53 6290 6348
98 6165 6280
56 6609 6676
15 1607 1623
12 2304 2317
37 929 971
27 6745 6775
97 6726 6841
90 4023 4127
20 6029 6053
27 3783 3813
24 2088 2115
34 6649 6686
45 3344 3399
15 4835 4851
39 5109 5154
48 4122 4179
20 1444 1467
97 3897 4008
65 619 693
82 3838 3935
44 3282 3330
91 3963 4064
50 1954 2012
53 584 645
91 6477 6586
44 4894 4946
92 4721 4827
11 5735 5747
7 4873 4880
3 2278 2281
84 4285 4387
42 4096 4145
69 6266 6343
18 1966 1985
61 943 1011
78 2566 2656
73 1203 1292
64 269 340
92 6470 6581
76 6493 6587
49 6349 6403
65 4424 4504
79 6353 6449
25 611 641
91 6140 6241
58 5113 5178
78 350 437
36 193 235
36 4315 4359
37 2251 2291
35 1627 1668
87 2738 2841
87 2857 2954
53 3926 3989
83 2469 2567
23 4071 4098
56 6477 6541
65 3133 3208
92 1788 1897
36 5543 5587
87 800 900
7 3519 3526
69 3734 3809
62 3051 3127
72 6515 6598
11 4171 4183
93 3284 3397
58 5527 5590
82 5820 5921
88 4233 4338
70 2471 2551
92 3640 3743
60 4095 4168
79 3385 3479
3 6032 6035
96 2687 2806
40 1332 1377
53 7145 7209
50 2215 2272
96 1300 1410
43 5846 5896
14 6306 6322
54 483 546
86 3457 3551
53 4405 4465
35 4716 4755
80 176 265
77 4803 4896
52 7025 7084
20 3491 3515
66 4127 4206
3 815 818
82 511 607
77 5665 5750
85 6211 6316
43 5804 5853
5 5493 5498
33 6418 6457
27 3697 3728
73 1003 1093
94 2318 2426
15 821 837
86 7154 7248
90 7133 7233
14 4983 4998
41 6150 6195
88 6470 6572
79 6027 6114
46 3666 3720
25 6164 6192
31 6216 6251
35 1718 1759
31 4118 4152
86 4311 4415
29 1670 1705
21 1909 1933
9 1029 1039
97 3044 3152
80 4408 4503
67 2299 2372
54 4537 4601
88 3324 3428
27 1010 1042
87 4198 4296
66 2861 2940
76 1726 1820
62 5610 5683
23 806 833
25 1142 1170
1 6801 6802
19 3381 3401
51 6383 6444
