150
9 139 148
3 139 148
6 139 148
3 139 142
1 139 142
2 139 142
8 80 88
3 80 88
5 80 88
4 80 84
1 80 84
3 80 84
3 105 108
1 105 108
2 105 108
3 105 108
1 105 108
2 105 108
4 145 149
1 145 149
3 145 149
6 145 151
2 145 151
4 145 151
2 137 139
1 137 139
1 137 139
6 137 143
1 137 143
5 137 143
3 122 125
1 122 125
2 122 125
7 122 129
4 122 129
3 122 129
7 119 126
1 119 126
6 119 126
8 119 127
4 119 127
4 119 127
9 149 158
7 149 158
2 149 158
3 149 152
1 149 152
2 149 152
6 129 135
2 129 135
4 129 135
9 129 138
7 129 138
2 129 138
5 143 148
3 143 148
2 143 148
8 143 151
2 143 151
6 143 151
9 34 43
7 34 43
2 34 43
6 34 40
2 34 40
4 34 40
2 138 140
1 138 140
1 138 140
2 138 140
1 138 140
1 138 140
5 53 58
3 53 58
2 53 58
6 53 59
3 53 59
3 53 59
3 7 16
1 7 10
3 7 12
1 7 9
6 7 22
2 7 9
4 83 92
1 83 85
6 83 98
2 83 89
6 83 97
2 83 90
9 24 41
2 24 29
8 24 39
5 24 36
9 24 35
1 24 25
9 31 50
7 31 38
3 31 35
1 31 32
9 31 53
4 31 43
3 45 51
1 45 47
8 45 67
6 45 57
6 45 64
4 45 50
9 70 91
6 70 78
4 70 79
1 70 72
7 70 86
5 70 78
5 65 81
3 65 72
7 65 79
4 65 72
7 65 81
3 65 70
4 44 52
1 44 46
3 44 56
1 44 46
4 44 55
1 44 47
7 49 59
3 49 55
9 49 64
6 49 58
6 49 68
4 49 55
4 26 41
2 26 29
4 26 39
1 26 30
3 26 39
1 26 27
3 138 150
1 138 139
7 138 150
2 138 142
3 138 147
1 138 139
8 85 103
2 85 92
5 85 101
2 85 91
4 85 96
1 85 89