200
6 520 1029
29 142 1462
83 1065 1809
14 994 1420
14 123 1104
66 601 1495
15 1278 1728
21 252 881
3 36 367
49 13 931
58 11 212
41 174 649
61 161 250
80 782 1657
2 271 289
83 735 1035
19 0 51
30 171 334
9 231 800
27 488 692
34 185 279
37 130 204
31 458 963
23 880 969
21 316 1080
43 1258 1681
31 439 1218
11 723 782
40 159 1066
25 445 1085
13 1242 1338
2 84 91
10 105 480
39 419 1363
97 327 1561
16 177 684
19 68 98
26 197 618
1 121 337
79 175 310
16 0 24
35 48 478
38 246 1257
31 510 635
34 541 1393
9 709 1041
16 409 1199
37 613 1571
51 534 807
9 959 1128
67 153 1422
18 1133 1473
40 75 308
5 277 680
41 64 138
73 1410 1734
50 234 723
99 48 254
37 729 818
19 7 109
25 265 359
33 748 1023
90 282 1204
58 62 556
43 14 65
49 97 648
38 103 156
38 120 241
43 56 1166
61 23 410
41 33 906
31 445 520
22 464 749
62 83 935
18 120 1177
20 204 505
16 1241 1421
21 448 671
4 237 444
91 176 323
17 149 520
8 773 831
45 303 1693
29 445 675
17 154 1604
1 1544 1687
30 548 1614
81 258 501
34 233 375
20 292 1322
6 60 1578
43 583 974
36 1109 1825
47 222 618
6 199 1200
5 523 1355
60 617 1554
2 5 126
62 592 1043
48 40 884
29 565 1317
74 361 1708
19 835 1485
47 296 1305
2 167 888
17 731 1628
7 610 857
56 519 892
16 37 451
26 440 1058
3 969 1432
11 1111 1451
38 6 583
84 405 1279
76 956 1435
26 403 932
22 542 810
78 75 402
5 191 264
2 1521 1583
46 175 1127
26 1103 1536
38 41 717
36 53 128
25 598 1037
31 226 392
27 164 1503
59 423 999
15 1087 1423
23 574 717
35 140 420
38 459 552
29 342 1168
62 0 69
3 230 980
9 572 982
36 470 1101
2 113 125
60 134 459
35 153 387
23 729 1027
74 482 1098
27 384 766
32 143 334
1 183 975
43 333 1387
53 128 346
33 635 802
17 1098 1796
54 65 430
28 977 1234
42 1652 1809
34 408 1258
35 865 1525
16 40 85
43 23 189
40 755 1287
24 673 1632
17 700 847
20 639 1149
15 315 481
37 96 1751
38 1115 1363
85 356 789
64 489 603
58 159 664
45 1276 1581
41 184 872
22 95 372
9 0 9
28 540 833
41 87 167
36 831 1718
14 499 752
7 199 244
45 416 1784
50 1 78
5 659 831
18 608 1332
28 752 1276
93 269 616
88 55 1178
19 226 261
38 633 1412
94 7 155
36 997 1484
23 289 1057
20 63 1328
39 703 895
38 613 1575
104 138 803
65 183 1340
56 255 476
28 23 1120
65 315 736
59 876 1605
17 394 1276
15 373 1577
32 876 1301
18 806 895
