300
22 474 499
38 706 748
32 1174 1210
42 620 662
33 1120 1154
20 194 215
46 899 953
44 1056 1110
11 366 377
30 893 928
50 698 756
20 171 191
13 1071 1084
21 303 327
44 842 886
32 126 165
22 1069 1092
50 250 311
45 700 751
31 676 709
18 46 65
44 1073 1127
22 331 357
50 179 233
49 640 695
9 20 29
45 754 801
10 205 217
28 3 33
38 647 690
30 828 860
48 94 144
15 1271 1289
6 243 250
11 567 580
43 17 67
22 917 942
19 902 925
4 181 185
18 402 424
30 874 910
9 490 500
1 24 25
14 1119 1133
18 993 1013
18 1263 1284
9 880 891
33 398 438
3 281 284
19 1123 1146
17 1183 1203
49 671 726
5 61 66
11 1090 1103
14 213 230
26 36 68
27 929 957
8 247 256
43 1185 1232
49 139 190
28 803 831
25 1197 1228
17 469 487
45 334 390
33 1221 1261
50 499 550
48 682 732
1 1062 1063
40 214 261
3 164 167
7 156 164
45 836 883
43 979 1024
45 227 279
34 818 856
11 639 650
40 1091 1136
12 24 37
49 685 744
50 913 973
11 358 369
33 974 1008
1 970 971
31 174 209
46 69 119
27 428 456
35 729 769
25 339 365
3 1151 1154
19 1177 1196
22 1111 1133
23 860 888
22 27 54
17 260 280
47 229 284
46 397 454
11 560 571
31 381 413
6 915 921
49 759 819
2 816 818
10 232 242
29 584 616
23 142 166
16 457 474
47 719 767
28 185 217
7 186 193
46 1047 1099
46 451 508
45 579 629
1 371 372
46 956 1013
23 434 462
30 966 998
45 371 427
39 227 267
47 526 578
14 1143 1158
18 339 358
35 849 884
22 736 761
45 380 425
41 28 77
5 126 132
37 706 746
8 39 48
32 165 198
41 1215 1256
49 949 1003
4 699 703
32 971 1008
38 208 247
34 1271 1313
44 1240 1285
17 1070 1088
33 680 716
6 254 260
42 77 124
47 787 841
31 1164 1199
34 934 972
17 577 595
7 1258 1265
11 616 627
27 966 994
1 593 594
37 420 459
3 1231 1234
13 1026 1041
7 1046 1054
28 71 99
22 254 277
35 11 49
49 657 713
48 1143 1199
11 374 385
19 1160 1179
26 1130 1160
18 794 815
7 102 110
32 1262 1295
43 831 878
48 124 178
46 428 479
37 958 1003
34 124 158
32 60 96
20 968 992
20 57 77
26 122 152
24 711 740
37 432 474
20 138 159
15 321 336
38 589 632
35 1000 1036
39 866 910
35 625 660
7 304 311
13 575 590
13 572 585
50 566 626
27 1259 1288
15 360 378
42 440 490
16 834 851
17 888 906
2 932 934
3 987 990
45 767 813
15 160 177
32 38 76
10 971 981
40 214 261
37 613 653
27 1114 1142
12 1048 1061
47 1170 1226
18 284 305
30 1186 1221
36 806 845
16 1266 1282
17 238 256
50 153 214
14 690 706
24 398 423
1 655 656
47 837 893
26 460 487
46 371 426
5 775 781
18 106 126
21 521 544
12 261 275
42 314 363
35 835 873
12 1124 1138
24 722 748
39 1007 1055
31 1015 1051
48 546 604
26 1154 1183
4 1186 1190
50 69 130
39 993 1035
11 116 128
4 1049 1053
42 863 909
45 788 833
21 737 759
28 1023 1055
43 370 421
40 410 453
10 805 817
46 296 351
1 898 899
6 709 716
29 674 710
47 151 207
25 780 807
24 823 849
9 552 561
15 1156 1172
27 538 570
4 1133 1137
50 1163 1218
30 1132 1169
13 392 405
30 1268 1300
32 1185 1218
2 387 389
3 914 917
19 960 982
29 914 949
15 731 746
47 631 685
40 1202 1244
16 1155 1173
19 278 298
17 725 744
49 831 892
16 647 663
4 21 25
11 776 787
33 5 39
6 1216 1223
45 850 900
32 1091 1130
49 915 969
50 867 923
33 54 88
19 763 782
41 1251 1292
1 1106 1107
24 735 761
3 842 845
28 325 354
31 563 601
47 438 494
50 449 509
36 95 134
34 711 750
49 363 417
6 379 386
34 1110 1151
2 210 212
33 1169 1202
25 551 578
12 56 69
15 536 552
14 1057 1073
14 378 395
8 1015 1023
39 93 135
25 570 601
15 1192 1209
6 1170 1176
26 431 460
37 285 328
