350
88 2740 2849
49 4571 4624
10 3856 3867
62 6291 6361
69 5393 5468
2 1101 1103
37 3101 3143
31 5209 5245
27 5056 5086
10 3540 3551
82 1043 1143
42 6174 6224
73 4744 4827
11 5197 5209
13 3903 3917
82 1736 1835
5 348 353
70 1775 1860
72 3869 3953
75 5817 5902
87 2372 2478
90 4756 4859
100 6263 6378
70 1574 1656
38 2452 2494
62 86 154
46 5033 5083
90 5904 6009
77 151 246
16 2237 2254
14 87 103
28 4472 4504
29 5045 5077
60 713 782
94 570 685
88 580 680
48 3489 3542
78 3349 3437
40 1139 1186
50 4947 5004
45 496 546
87 4182 4281
66 1816 1890
14 202 217
73 1205 1293
66 5719 5796
64 819 895
84 2170 2267
22 1509 1533
7 3825 3832
44 1893 1946
90 3339 3444
63 1022 1097
87 3466 3568
27 3468 3499
20 2291 2314
51 1587 1643
52 1289 1352
51 2060 2118
76 1673 1762
30 2249 2282
4 1371 1375
23 205 231
84 1179 1282
29 5699 5730
11 139 151
99 65 175
26 244 272
37 4535 4575
2 1277 1279
60 4488 4558
76 3236 3325
92 2639 2746
21 2334 2357
28 2742 2774
99 654 775
73 6180 6260
28 1561 1591
91 4212 4314
27 2909 2940
32 3494 3532
4 4637 4641
46 4116 4168
73 2782 2862
22 6442 6468
51 851 908
63 894 969
23 5776 5803
84 3946 4046
92 6172 6281
96 911 1017
41 3301 3348
30 6565 6598
20 279 303
65 6160 6239
61 3873 3944
12 4745 4759
20 234 256
78 4988 5073
71 6007 6085
23 88 113
96 863 974
46 2520 2576
96 5029 5137
3 958 961
2 3938 3940
16 1528 1547
51 3451 3510
78 708 797
69 2855 2935
9 2140 2149
95 877 982
40 2503 2550
3 2834 2837
6 4296 4302
72 808 892
17 5001 5021
6 3832 3838
72 6183 6262
87 6395 6490
58 2359 2429
72 5545 5630
39 1595 1640
14 1893 1909
5 49 54
66 6357 6433
9 4134 4143
56 4666 4732
68 1005 1089
89 448 555
83 3413 3505
42 3939 3987
9 1542 1551
87 1375 1474
93 1742 1853
93 3438 3540
85 2500 2598
36 954 996
27 3907 3938
42 5899 5949
8 2123 2132
3 3930 3933
16 5527 5546
98 5996 6108
72 1285 1364
67 4611 4693
25 6487 6514
62 3490 3559
31 1277 1313
76 2266 2351
71 2707 2794
20 4013 4036
64 348 427
22 178 202
43 1738 1786
99 6488 6604
74 641 725
18 2967 2988
86 3706 3806
7 3306 3313
99 985 1105
18 877 896
51 6397 6457
39 458 501
62 5634 5710
7 2233 2240
35 1388 1429
13 2299 2313
70 6238 6317
87 161 268
45 4536 4589
97 569 675
84 120 213
84 5587 5687
45 4924 4976
85 4191 4292
43 6578 6629
45 216 268
7 5440 5447
37 2404 2446
63 5540 5616
24 2548 2575
13 5510 5525
23 2548 2574
94 6315 6419
24 97 124
7 3268 3275
99 5463 5578
51 5084 5140
28 1599 1633
53 4795 4856
78 2858 2946
81 2039 2135
34 618 656
54 4482 4547
77 3539 3630
79 5898 5990
52 576 639
89 1852 1959
40 1205 1249
87 4713 4814
27 4730 4761
46 3643 3695
32 1165 1202
35 6562 6602
73 5142 5229
81 694 788
75 4930 5016
21 2711 2734
97 54 162
89 5260 5357
21 4634 4657
58 3622 3688
92 2679 2793
42 3201 3252
99 1319 1427
26 6129 6157
55 1010 1072
93 4442 4554
48 4836 4895
38 3220 3265
68 2560 2635
17 104 124
81 3249 3342
85 5264 5365
25 2842 2869
23 5007 5032
74 2154 2242
89 5010 5114
54 727 787
24 6108 6134
9 6187 6196
60 2312 2384
16 5149 5168
41 2257 2304
51 5099 5159
84 2405 2497
7 4491 4498
54 4039 4102
88 963 1069
82 6077 6167
62 981 1056
29 3654 3685
10 1601 1612
93 5202 5310
56 3314 3376
14 4367 4383
43 318 366
75 4803 4889
37 5126 5167
19 284 305
44 373 423
59 5696 5767
75 5378 5468
90 2176 2277
12 661 674
35 2698 2737
2 1412 1414
23 524 549
54 2998 3059
32 3517 3556
23 1308 1335
76 6464 6554
41 6421 6470
90 6483 6587
30 2639 2672
89 5243 5352
5 4490 4495
65 6262 6341
74 6470 6559
66 1330 1407
40 3872 3919
78 2235 2323
36 4669 4709
63 2519 2589
31 1190 1226
33 6082 6120
44 4641 4690
44 2017 2066
79 2194 2282
31 5392 5426
2 4896 4898
40 5244 5293
76 2570 2659
26 4636 4667
52 6384 6442
3 724 727
55 860 920
47 1814 1869
73 3712 3799
45 6236 6289
58 2540 2610
23 1587 1614
36 2049 2090
70 1336 1418
73 735 823
29 3302 3336
28 6209 6239
17 5086 5106
85 5247 5346
17 6104 6122
58 3779 3847
76 1048 1142
96 3471 3579
63 2075 2150
87 5957 6061
21 3887 3912
34 1727 1764
98 4364 4484
15 4398 4414
9 3654 3663
53 1969 2028
13 4512 4526
87 4898 4997
69 4949 5034
97 1621 1735
14 5330 5345
68 4860 4942
100 814 935
88 4589 4689
36 1558 1597
9 232 242
86 3935 4034
52 1362 1425
61 3365 3439
13 3233 3248
89 75 182
27 6051 6083
61 5979 6049
65 5933 6013
30 1263 1296
69 3149 3227
34 2898 2936
32 5870 5907
28 6130 6162
74 6571 6661
52 1255 1314
74 5242 5328
96 30 146
69 3981 4059
29 6359 6394
47 5440 5497
32 3201 3237
55 3851 3911
12 1128 1142
71 5481 5566
17 5921 5941
79 747 833
31 3975 4011
6 505 511
