250
500 9368 25666
307 5592 47675
1950 0 2578
48 7879 11055
1770 3267 8115
794 21168 32857
666 14846 46210
213 13300 19526
677 26422 48913
816 24993 39779
70 10730 40355
1543 21855 30176
378 11762 45746
1082 2278 4279
1128 5255 10225
839 1651 7902
935 4060 27341
3516 2141 11333
269 7630 39525
2149 38996 49983
514 33372 34585
704 13955 50782
733 1180 3095
25 44868 49536
772 10218 23022
566 14448 16737
275 1602 8583
751 34878 46966
671 47610 50076
27 239 7651
585 27150 38280
1468 33766 53131
958 6754 33835
902 16571 28329
56 3823 7749
821 4278 43643
207 4788 13918
1325 16257 52836
950 23343 52287
1571 1371 14074
38 1997 4961
714 21422 26914
698 16092 48498
1061 0 1221
118 1713 3041
802 2909 19344
2188 16156 24125
782 34670 41477
739 1404 3010
894 5752 46850
533 5014 9052
510 49581 50753
1066 13338 15783
109 278 5310
260 23472 25054
554 18810 40617
397 32642 33529
570 2653 4744
177 7552 9415
387 5561 10501
583 14136 31943
279 1264 3513
382 5431 14470
190 697 9338
487 12100 18955
519 15433 19239
1162 15903 37511
50 14838 51337
1432 21875 30691
1203 26452 41294
713 40221 53787
686 33907 40598
370 10346 27497
530 2691 4398
1478 41319 49911
345 17936 41268
1240 12263 42374
973 962 22846
439 10740 19766
888 6760 13001
2034 2137 28176
193 39328 49473
372 4298 45649
531 4464 6038
561 7245 8732
39 4846 28978
662 4955 30283
863 28454 53501
4575 20000 34100
1539 2910 24381
3128 2579 6127
1294 2142 11979
1234 1305 11889
1625 3191 14408
686 38729 45084
621 22633 29472
77 1505 2522
58 4034 29767
799 29250 32194
582 6196 10234
476 2434 32584
2795 24204 30033
462 7127 35129
611 3946 5567
920 635 2119
815 24301 29781
697 12894 20670
279 3613 21560
915 2733 15282
429 31307 38440
343 12121 28905
934 8382 15185
207 19398 20115
806 8426 20303
1534 2491 21702
915 24728 52114
1546 730 3232
855 5535 43615
1344 13957 48174
865 32642 36571
639 2789 8078
431 35491 38565
1783 36660 57742
390 9666 21731
1088 48469 53349
646 999 14481
285 30026 54230
1460 26102 33513
804 0 2685
741 3619 44238
584 42342 48020
430 1090 10168
769 1958 12727
1615 18198 39300
962 28991 45095
508 4345 9022
424 12603 24840
13 7516 13949
3984 10068 22480
424 13657 23988
146 37072 51238
433 5104 11206
681 10280 16802
965 6404 18790
791 26647 49794
116 15471 35463
397 10637 24288
704 3640 6958
1883 7304 17584
1197 20328 31124
804 2071 4386
496 24903 42645
294 21605 28499
1030 6807 17602
2161 1418 6377
767 2049 16177
67 9415 15507
1161 15836 35256
2069 47503 55626
18 16930 49365
374 1944 35888
1450 9577 21981
4094 1335 44839
552 13317 30315
204 1981 3553
3272 39374 51825
524 6846 16178
458 19769 38408
242 5985 23510
89 2052 33692
783 17619 37448
180 29085 40872
931 20949 42193
1299 12118 36894
2072 385 3223
701 1704 3643
652 1447 7507
884 19713 27927
4185 8727 19040
750 2939 6296
2258 17602 26172
4223 41592 48271
477 17487 26576
773 2608 10476
533 38609 50236
454 2769 53785
1459 4982 9620
35 5232 9324
659 12270 22652
401 16788 33334
578 8938 47683
137 2092 5155
624 1795 12015
644 2 1199
1265 9299 11245
627 17250 48548
330 22992 25694
270 16476 28107
720 4387 17492
794 7114 11094
2016 18882 28118
362 17429 37981
1301 9191 33322
743 2559 44221
387 4147 5508
1907 28109 44138
625 21716 31266
1180 14097 41578
418 9998 11855
1161 574 7467
126 7336 40287
4445 28934 38667
143 43434 48217
279 24494 28865
804 19511 21058
538 49276 51359
3912 9327 55186
63 1144 40860
847 16588 39051
1573 9840 16513
121 11742 26041
87 6250 18121
2622 5434 26923
1231 23362 47272
511 8757 26247
1148 4808 34753
266 11761 45334
1007 9631 14783
1984 26945 37308
134 36096 43395
275 6866 38780
486 7232 34130
1163 9894 19768
733 9243 35379
357 29611 52657
608 11262 49109
157 11160 13467
231 6006 12971
1434 5357 14268
760 3853 31345
716 16277 18134
767 9781 19164
418 0 772
251 6775 13259
908 16577 25437
174 29117 34371
2286 1347 45715
360 10167 12290
823 15893 39374
12 14033 30465
