400
88 556 658
94 1230 1330
72 1875 1954
139 2220 2369
68 253 331
67 2031 2102
136 2164 2301
108 387 497
133 2237 2378
145 617 762
107 616 733
41 1591 1635
36 2253 2294
41 1850 1905
86 1901 1991
84 1561 1649
130 817 957
134 845 988
36 890 936
35 1815 1853
58 127 186
139 2171 2313
146 733 886
79 615 697
132 169 302
20 194 219
117 700 824
143 2013 2158
132 929 1064
56 473 532
113 404 517
55 1663 1719
47 297 351
66 1394 1464
83 920 1005
132 853 991
103 2084 2197
134 817 957
108 493 602
116 2034 2157
149 468 619
142 296 439
73 1605 1678
91 1253 1356
149 2244 2403
110 703 822
148 555 716
123 2111 2246
133 2010 2149
56 1076 1135
143 1034 1186
20 343 372
99 59 167
148 293 444
39 1433 1484
98 655 756
97 496 598
142 1259 1414
27 2050 2079
68 59 129
100 1330 1432
142 150 295
126 1728 1866
96 1764 1866
52 213 265
71 1224 1307
143 1294 1453
119 859 984
108 929 1038
103 1047 1160
130 1748 1880
145 0 148
46 352 400
70 1127 1211
35 1346 1394
66 2102 2178
85 566 666
74 1751 1828
80 642 735
42 1737 1779
21 1909 1934
143 859 1007
30 2 35
96 2123 2221
63 1709 1776
112 60 186
106 1603 1726
49 3 52
47 2231 2293
134 264 405
54 357 412
111 825 946
127 1037 1166
59 434 502
35 703 749
27 317 344
36 838 876
127 2112 2248
59 1039 1101
1 1020 1025
97 1789 1887
116 1051 1168
48 965 1020
35 1431 1481
50 60 111
76 22 104
147 1468 1618
124 1741 1877
48 2094 2145
133 2222 2367
122 1637 1759
32 1060 1098
43 1070 1124
82 1212 1301
134 2112 2253
66 1032 1113
106 1308 1419
132 436 577
49 449 500
53 2017 2076
89 699 794
114 831 958
114 788 913
92 1930 2026
123 204 328
68 1357 1442
39 1908 1960
38 1428 1467
136 1531 1672
54 663 721
28 1534 1566
50 878 932
108 1918 2029
35 90 130
133 1742 1881
76 1452 1535
122 1533 1657
127 181 320
130 1405 1544
40 240 290
65 1367 1439
138 623 762
78 169 262
65 1881 1951
74 2123 2197
122 1733 1856
31 1364 1405
48 1223 1280
142 836 984
142 1777 1932
79 458 538
45 464 510
136 129 269
93 525 629
119 289 424
132 958 1106
21 262 288
106 1305 1412
61 1227 1299
131 973 1108
56 384 443
129 40 184
137 210 349
144 1431 1587
125 687 817
92 758 859
73 1413 1489
27 980 1009
98 1740 1844
77 660 745
94 1770 1866
128 1127 1266
22 1301 1325
29 208 240
137 649 793
101 75 191
56 662 720
69 1178 1247
38 2078 2120
21 742 772
57 2264 2334
140 685 828
45 591 651
143 2024 2182
125 204 346
133 1070 1205
64 749 822
34 1392 1427
66 2071 2151
21 784 808
75 1190 1268
36 227 263
86 1225 1314
148 431 595
133 2126 2266
86 1327 1413
20 413 446
83 1009 1094
90 1194 1289
609 1364 1980
132 926 1059
68 369 449
24 1005 1038
100 1225 1327
85 1654 1751
68 1851 1919
100 1056 1157
42 698 742
126 79 217
106 1015 1136
37 695 748
95 1362 1463
101 1397 1505
87 1218 1313
60 1007 1076
94 557 655
66 1477 1561
103 505 613
143 1991 2140
38 1407 1452
142 23 178
48 2045 2093
59 427 502
110 1043 1156
97 597 694
22 1773 1796
77 943 1022
62 1318 1387
23 1531 1570
46 2009 2067
70 402 474
100 962 1067
122 2222 2346
129 724 860
56 1785 1844
103 2189 2295
52 1955 2011
60 1655 1715
110 627 742
95 1394 1497
45 1787 1833
110 1261 1371
87 2013 2106
78 534 624
48 433 483
75 174 260
123 887 1014
98 458 561
46 777 836
74 1879 1962
86 1438 1531
133 1691 1829
26 933 974
65 609 682
97 864 969
103 1152 1262
28 2212 2250
63 2233 2298
22 628 651
82 2152 2251
140 907 1049
57 2008 2067
39 1438 1487
100 341 451
55 612 674
86 2004 2100
122 1410 1534
122 673 809
51 1704 1758
107 1088 1204
61 872 948
26 2093 2120
143 2149 2294
68 597 667
143 1890 2035
52 1032 1091
110 31 152
131 2164 2307
82 609 700
41 422 480
48 886 948
129 484 615
36 541 577
99 1923 2024
109 570 686
87 982 1078
93 28 123
77 1613 1700
51 2130 2182
102 632 743
94 2247 2342
139 1993 2140
57 1027 1092
47 745 793
104 486 600
137 2050 2191
91 2094 2191
137 1672 1824
42 2193 2246
922 699 1625
111 1146 1258
103 722 831
21 2003 2024
67 494 563
89 307 397
32 280 323
80 49 130
139 1798 1945
108 617 734
71 2218 2294
65 1175 1253
142 74 218
47 2107 2162
131 624 760
130 1846 1980
54 1347 1409
31 1809 1855
41 1176 1220
89 1239 1338
140 1446 1594
117 247 365
143 1275 1424
64 1918 1988
90 997 1091
98 2037 2140
33 1699 1741
72 1059 1134
119 479 600
115 387 512
113 1237 1354
25 610 648
111 1099 1224
123 559 691
108 1505 1618
120 63 195
88 1889 1980
47 544 597
82 1868 1959
97 1732 1835
86 1149 1237
49 1211 1261
98 318 430
135 1886 2034
25 796 832
136 703 840
109 1650 1765
66 798 869
28 578 607
76 1452 1528
143 863 1010
93 22 115
116 63 188
21 481 503
146 590 739
74 287 374
118 2141 2259
58 1075 1144
80 1005 1090
118 728 849
76 879 972
110 1492 1610
111 1840 1960
43 1410 1467
144 1650 1804
66 1608 1681
104 75 192
39 1786 1840
89 601 690
31 560 595
61 2227 2299
26 803 834
99 2211 2319
94 1714 1825
23 90 114
111 235 355
39 2200 2249
27 1660 1694
59 1121 1191
104 293 408
139 386 530
116 900 1030
63 481 547
62 1298 1363
122 1795 1924
40 1215 1260
59 547 616
109 617 728
127 2239 2372
53 1218 1279
21 193 228
50 814 867
116 1809 1929
113 1140 1260
41 853 910
126 1928 2056
88 1642 1730
74 1178 1256
140 236 378
109 1459 1575
629 627 1263
