100
46 791 2188
136 826 1310
163 1414 2333
6 973 1290
178 272 1504
158 1258 1669
33 1059 1903
157 542 1216
48 1123 2551
80 126 219
51 310 558
54 1085 2296
381 920 2068
85 1122 1718
23 58 1132
28 679 2715
159 171 767
146 338 2751
105 616 1128
85 1325 1578
31 0 237
21 308 491
124 371 1827
43 3 567
71 1457 2751
346 2294 2983
85 2079 2548
148 202 608
152 0 164
68 1963 2722
52 382 2065
48 264 501
399 7 579
132 0 164
174 1215 2038
172 1426 2480
340 1096 3144
61 1489 1911
40 126 768
108 330 1214
123 1586 1839
23 1228 1974
355 311 2527
25 226 2581
61 129 874
47 213 552
64 528 658
3 574 1523
55 24 744
94 465 1008
138 37 1066
160 1662 2114
145 732 1325
2 0 40
16 211 1186
62 986 1725
176 295 1523
59 132 338
136 534 1084
35 1251 1833
114 0 123
238 547 1660
99 295 1981
80 588 1372
164 120 511
158 1136 2428
60 782 1808
22 84 849
90 221 498
98 565 675
157 1977 2624
172 1260 2642
147 663 2144
115 711 1522
126 170 331
114 90 423
23 40 617
33 138 372
172 332 639
44 66 269
84 876 1175
108 1235 1913
168 46 364
50 42 914
88 362 2470
155 407 2300
107 1309 2424
131 313 1031
404 472 1010
149 218 1406
113 665 1719
96 63 836
16 52 1310
2 1953 2217
143 142 819
170 1073 1690
112 1128 1301
154 1433 2242
112 75 893
85 566 2183
