250
6 7 19
32 4 37
43 1 58
24 1 40
22 8 36
19 11 39
34 11 64
20 5 45
46 8 68
8 10 36
26 9 49
11 10 35
29 5 46
6 7 27
26 8 37
46 3 66
47 12 63
43 11 62
23 9 52
4 9 25
5 10 19
26 13 45
40 16 70
15 11 35
29 9 42
49 13 75
29 15 49
29 17 61
22 11 48
2 13 34
23 9 42
37 16 67
11 17 38
27 18 61
45 12 75
25 8 34
46 11 69
3 11 23
4 12 21
11 19 31
16 16 36
23 17 41
35 17 58
13 16 42
46 20 79
8 16 30
29 19 51
23 21 64
5 13 33
38 16 58
9 21 43
9 23 34
17 15 43
28 19 51
23 17 50
35 23 62
28 22 62
33 18 69
32 21 61
47 15 66
2 23 44
41 24 75
35 20 66
14 21 55
24 25 66
34 25 63
13 17 50
15 27 52
18 20 40
24 20 47
21 18 55
5 20 37
50 22 79
36 27 66
19 18 54
18 29 54
39 27 78
47 24 86
47 24 81
9 21 36
6 31 56
8 27 38
45 21 71
49 24 75
30 24 57
30 29 72
18 30 50
25 26 57
13 24 47
42 33 86
42 28 88
39 25 74
45 34 82
22 25 58
42 29 72
12 23 53
16 24 51
29 30 63
46 28 80
20 31 53
21 35 75
22 35 69
47 31 92
18 30 58
12 33 51
14 30 57
50 35 104
16 29 57
36 27 78
22 34 70
48 29 78
40 36 78
17 29 54
10 28 43
47 36 91
40 28 81
32 33 79
20 30 63
46 39 91
6 34 52
29 32 75
36 31 86
9 32 53
47 38 105
48 37 95
21 32 59
46 39 99
41 37 97
37 35 89
7 39 60
27 43 79
27 36 74
13 44 63
10 37 60
39 38 86
22 34 63
45 36 90
37 45 93
33 40 82
25 42 79
41 44 91
33 36 78
16 36 70
33 45 96
38 41 80
39 45 100
11 36 65
11 48 61
49 43 108
31 44 87
41 42 103
22 38 67
3 48 52
38 48 101
9 49 60
13 46 63
11 46 67
19 39 67
22 43 76
47 44 98
20 45 71
2 47 52
34 40 76
22 45 80
25 43 87
43 50 108
37 46 94
16 42 73
44 44 92
15 50 75
27 52 82
23 43 70
10 54 67
34 47 89
42 49 109
28 50 90
12 47 65
26 55 96
26 54 81
13 55 71
34 46 82
17 52 76
11 54 82
24 49 86
18 55 90
44 48 99
29 46 81
18 55 76
46 56 116
8 55 64
44 55 114
37 56 112
4 50 66
16 48 76
24 54 92
22 59 99
31 53 91
21 54 87
28 49 79
33 50 96
18 59 94
27 54 90
31 54 101
31 56 101
24 63 102
23 58 82
11 53 76
28 54 102
20 54 94
45 63 116
32 53 102
36 60 116
24 61 103
47 59 112
40 62 114
19 61 84
29 64 97
39 56 108
38 60 103
29 64 111
11 60 75
6 63 71
30 61 92
23 63 100
43 56 108
3 62 71
7 65 77
28 56 100
47 64 126
47 65 130
25 64 100
38 62 117
42 63 120
12 64 95
44 68 130
14 66 98
48 64 128
35 61 113
18 63 84
5 70 93
5 64 80
43 68 128
43 70 119
16 71 104
14 68 102
4 65 88
34 65 113
29 69 118
43 68 115
21 63 100

