400
2 31 33
1 31 33
1 31 33
3 31 34
1 31 34
2 31 34
5 105 110
1 105 110
4 105 110
2 105 107
1 105 107
1 105 107
4 273 277
1 273 277
3 273 277
2 273 275
1 273 275
1 273 275
2 113 115
1 113 115
1 113 115
5 113 118
2 113 118
3 113 118
5 289 294
3 289 294
2 289 294
9 289 298
5 289 298
4 289 298
7 249 256
2 249 256
5 249 256
5 249 254
2 249 254
3 249 254
3 235 238
1 235 238
2 235 238
8 235 243
4 235 243
4 235 243
8 257 265
1 257 265
7 257 265
3 257 260
1 257 260
2 257 260
3 250 253
1 250 253
2 250 253
7 250 257
3 250 257
4 250 257
6 220 226
3 220 226
3 220 226
4 220 224
2 220 224
2 220 224
4 91 95
2 91 95
2 91 95
5 91 96
2 91 96
3 91 96
2 273 275
1 273 275
1 273 275
5 273 278
2 273 278
3 273 278
4 235 239
2 235 239
2 235 239
5 235 240
3 235 240
2 235 240
7 222 229
3 222 229
4 222 229
5 222 227
2 222 227
3 222 227
9 166 175
1 166 175
8 166 175
4 166 170
2 166 170
2 166 170
9 237 246
2 237 246
7 237 246
5 237 242
1 237 242
4 237 242
2 19 21
1 19 21
1 19 21
8 19 27
2 19 27
6 19 27
6 121 127
1 121 127
5 121 127
4 121 125
2 121 125
2 121 125
9 220 229
5 220 229
4 220 229
7 220 227
3 220 227
4 220 227
4 138 142
1 138 142
3 138 142
7 138 145
5 138 145
2 138 145
2 347 349
1 347 349
1 347 349
9 347 356
2 347 356
7 347 356
3 108 111
1 108 111
2 108 111
7 108 115
5 108 115
2 108 115
9 318 327
4 318 327
5 318 327
4 318 322
1 318 322
3 318 322
5 189 194
1 189 194
4 189 194
3 189 192
1 189 192
2 189 192
5 380 385
1 380 385
4 380 385
6 380 386
4 380 386
2 380 386
4 179 183
1 179 183
3 179 183
9 179 188
3 179 188
6 179 188
8 112 120
3 112 120
5 112 120
5 112 117
1 112 117
4 112 117
2 379 381
1 379 381
1 379 381
7 379 386
1 379 386
6 379 386
5 53 58
2 53 58
3 53 58
5 53 58
1 53 58
4 53 58
5 266 271
2 266 271
3 266 271
3 266 269
1 266 269
2 266 269
4 369 373
2 369 373
2 369 373
2 369 371
1 369 371
1 369 371
9 153 162
4 153 162
5 153 162
3 153 156
1 153 156
2 153 156
7 388 395
2 388 395
5 388 395
4 388 392
2 388 392
2 388 392
5 379 384
1 379 384
4 379 384
2 379 381
1 379 381
1 379 381
6 179 187
2 179 184
6 179 192
1 179 182
4 179 194
2 179 181
6 349 368
4 349 355
5 349 366
3 349 354
7 349 361
5 349 356
4 54 61
2 54 56
6 54 69
2 54 59
5 54 70
3 54 59
5 204 211
1 204 205
8 204 218
1 204 208
8 204 216
4 204 208
3 254 267
1 254 257
6 254 262
1 254 257
8 254 268
5 254 266
7 200 213
3 200 203
3 200 212
1 200 203
6 200 212
3 200 207
3 46 57
1 46 48
5 46 53
1 46 51
4 46 56
1 46 49
8 176 188
3 176 183
7 176 189
5 176 182
5 176 183
1 176 180
9 222 240
2 222 229
8 222 235
4 222 228
9 222 240
3 222 228
3 161 171
1 161 163
4 161 172
2 161 165
5 161 175
2 161 167
5 26 41
2 26 31
7 26 44
4 26 35
5 26 34
3 26 31
9 158 170
3 158 169
3 158 163
1 158 159
9 158 175
3 158 169
5 374 389
1 374 377
8 374 394
6 374 386
5 374 386
2 374 377
3 250 260
1 250 253
8 250 270
4 250 260
8 250 264
1 250 254
5 132 148
3 132 136
4 132 144
1 132 136
4 132 146
2 132 136
3 59 69
1 59 61
8 59 77
4 59 66
5 59 71
2 59 62
9 257 268
1 257 263
9 257 270
3 257 264
7 257 278
5 257 268
5 164 179
2 164 170
3 164 177
1 164 166
6 164 175
4 164 169
3 134 146
1 134 137
4 134 140
1 134 137
4 134 146
2 134 138
5 266 279
2 266 270
3 266 276
1 266 268
4 266 276
1 266 269
8 175 185
2 175 180
3 175 182
1 175 177
5 175 188
2 175 180
7 238 258
5 238 243
7 238 248
2 238 242
5 238 254
2 238 240
6 355 373
3 355 362
6 355 367
2 355 362
7 355 371
5 355 365
7 273 282
2 273 275
3 273 284
1 273 275
3 273 282
1 273 274
5 226 233
2 226 229
9 226 240
1 226 228
6 226 242
4 226 233
5 358 371
1 358 359
3 358 365
1 358 361
7 358 373
5 358 365
9 113 129
3 113 119
8 113 130
3 113 123
9 113 131
1 113 116
5 373 383
1 373 374
7 373 386
2 373 376
7 373 390
3 373 376
3 297 306
1 297 300
6 297 315
3 297 303
4 297 309
1 297 298
5 387 404
3 387 392
4 387 400
2 387 389
9 387 401
1 387 391
9 104 120
7 104 112
8 104 120
5 104 109
4 104 113
2 104 106
3 204 211
1 204 205
3 204 208
1 204 206
3 204 211
1 204 205
8 85 101
2 85 88
8 85 97
1 85 88