50
86 819 913
70 300 381
90 911 1018
9 402 411
24 496 523
37 379 419
16 384 401
18 293 313
90 213 322
74 115 205
76 59 145
23 444 471
36 891 935
29 243 277
38 631 673
24 628 657
83 222 316
74 675 758
30 704 737
9 615 624
42 523 573
99 718 829
42 576 622
22 890 915
15 60 77
44 609 658
55 722 784
26 882 912
66 530 606
51 540 596
86 395 498
2 515 517
100 753 868
15 853 869
18 467 486
82 836 926
11 136 148
71 332 413
38 539 581
55 300 366
5 922 927
59 564 635
96 530 640
26 239 270
100 352 464
33 623 660
37 568 611
86 797 901
87 205 305
98 455 565
