150
6 1389 1395
77 2706 2801
17 2245 2265
49 207 263
48 2056 2113
79 959 1046
68 862 944
87 118 223
79 506 596
52 295 354
96 1702 1821
89 1222 1332
67 540 616
6 1441 1447
22 125 151
7 694 701
79 703 794
65 1836 1916
24 2135 2161
83 1308 1400
96 2721 2838
78 63 149
1 1165 1166
18 2496 2517
4 708 712
13 1067 1082
20 3 26
8 1997 2006
34 1983 2024
57 2052 2118
10 695 706
21 963 988
14 1151 1167
4 2492 2496
80 318 406
89 170 268
80 2562 2650
38 959 1004
14 2633 2648
37 1637 1680
77 1285 1377
51 91 150
23 1024 1051
80 1864 1960
28 2063 2093
9 735 745
55 1011 1071
35 2354 2392
97 1308 1414
55 1945 2010
26 1943 1971
74 1944 2026
8 1513 1521
27 1706 1738
23 484 511
2 1675 1677
3 1072 1075
46 2792 2845
44 2124 2178
89 1748 1854
1 35 36
4 354 358
36 2278 2318
12 2047 2061
74 506 588
82 929 1029
66 1796 1876
12 2586 2599
79 41 137
19 2543 2563
76 333 424
96 1583 1700
49 1468 1528
82 1160 1252
15 53 69
57 1188 1255
77 1157 1241
20 2038 2061
82 2532 2630
25 1030 1058
35 1577 1618
39 2251 2293
49 1637 1695
49 2061 2118
8 552 561
79 1474 1570
77 2786 2876
38 1585 1627
90 1648 1750
82 1321 1422
23 2393 2419
5 2471 2476
80 2073 2170
71 1377 1461
98 332 444
10 1482 1493
68 1366 1446
43 1437 1486
29 2470 2503
50 666 726
47 433 490
28 127 159
99 2171 2286
26 1615 1646
5 1249 1254
51 2678 2738
63 640 712
82 1182 1272
3 2326 2329
7 764 771
84 571 664
89 1175 1283
45 103 153
85 1168 1265
70 103 181
6 1267 1273
57 190 257
94 2159 2275
50 1239 1296
97 305 414
55 527 592
18 521 542
22 1196 1222
72 246 325
35 594 634
66 1633 1714
4 789 793
12 1756 1769
8 1283 1291
16 1171 1189
20 292 314
96 2321 2430
81 2650 2750
20 1484 1507
92 1894 2001
9 1779 1788
47 2277 2328
15 1775 1792
8 2577 2586
15 1096 1112
73 341 425
27 416 447
5 1607 1612
76 2113 2203
76 45 136
20 1457 1479
30 25 60
57 320 390
11 2247 2259
32 2189 2226
