500
34 1371 1413
30 1499 1535
14 1968 1985
38 154 197
16 10 26
35 142 183
50 1743 1795
5 1009 1015
15 2094 2112
19 1912 1934
28 823 856
31 2020 2058
32 123 162
15 83 101
3 1582 1585
2 1144 1146
36 1866 1906
29 161 193
11 1244 1255
49 646 704
40 1892 1932
3 429 432
37 1494 1531
6 144 150
43 1510 1561
16 59 77
34 551 589
18 1399 1417
17 2102 2120
19 831 851
37 1380 1424
10 1067 1077
43 4 52
29 638 673
29 1265 1300
23 1527 1552
34 1896 1935
22 650 672
14 944 958
1 1549 1550
19 743 763
35 813 851
13 1393 1406
32 994 1026
10 194 206
31 1629 1660
11 1876 1887
48 1510 1563
41 624 668
36 1940 1976
46 1799 1848
17 434 455
27 1883 1911
20 396 416
8 60 68
27 535 563
5 1407 1413
9 1684 1695
48 907 962
41 1873 1914
4 1157 1161
8 1521 1530
38 1823 1869
1 184 185
43 1742 1792
11 1678 1691
4 585 589
7 1327 1334
20 1589 1609
22 822 848
16 1510 1526
7 672 680
17 12 30
41 1655 1700
17 162 181
40 676 725
8 1561 1570
48 1570 1625
3 2011 2014
25 1637 1668
29 693 725
6 1481 1487
44 1544 1593
3 1885 1888
19 574 595
33 1702 1739
34 1239 1276
5 588 594
7 752 760
20 162 183
37 1760 1799
18 503 523
47 462 513
10 1956 1967
24 203 232
43 1248 1296
6 847 853
19 1734 1753
27 1031 1058
41 2061 2105
21 1014 1038
7 705 712
28 53 81
3 1541 1544
9 1012 1022
42 1300 1343
41 607 656
26 616 646
12 744 756
3 1711 1714
21 220 242
2 1689 1691
48 713 770
40 647 692
22 137 163
29 430 461
27 1488 1521
44 31 82
29 1913 1943
49 1932 1993
3 1065 1068
15 1361 1378
17 282 302
11 1906 1917
21 32 58
11 145 156
1 1406 1407
34 1111 1145
44 1137 1181
29 977 1013
13 2058 2072
40 1577 1625
18 324 344
3 481 484
33 647 687
30 956 993
36 789 832
49 2058 2110
42 794 846
6 859 865
27 1640 1671
40 2049 2098
43 1351 1396
9 1832 1843
41 2022 2067
4 31 35
16 596 612
5 1829 1834
4 622 626
9 2014 2024
42 484 534
16 1103 1120
20 1850 1871
44 1587 1639
37 1115 1157
46 341 387
41 1606 1650
38 1726 1765
2 943 945
30 1541 1576
47 1426 1481
46 748 801
9 1026 1036
50 1448 1499
44 908 957
14 769 784
29 308 338
50 780 832
1 139 140
32 633 665
28 1725 1754
34 2010 2044
7 1749 1756
44 1592 1643
30 1765 1795
11 1873 1885
30 1592 1622
29 12 45
27 2010 2039
25 1900 1927
11 1154 1165
18 929 951
50 444 500
23 306 332
9 1495 1505
23 845 871
6 1688 1694
2 71 73
50 2058 2118
29 276 312
39 1341 1389
45 1395 1442
25 483 510
11 459 472
46 281 334
28 875 905
10 178 189
39 801 840
6 398 405
32 772 807
4 920 924
25 1458 1486
31 587 618
10 2044 2054
8 1941 1950
26 270 302
48 956 1010
26 809 835
23 7 31
42 1666 1713
35 1820 1862
47 299 355
30 896 929
5 1984 1989
13 2114 2127
19 1328 1349
27 1255 1282
31 1470 1508
46 1189 1235
2 63 65
13 1657 1671
29 1047 1076
16 462 481
40 1950 1997
23 1809 1835
22 528 552
47 158 209
40 654 695
21 187 208
48 27 81
37 1191 1231
39 1770 1810
33 1439 1476
1 150 151
35 1543 1584
18 326 348
20 1043 1064
34 231 273
16 996 1013
15 359 375
48 756 806
10 135 146
16 1470 1486
19 1653 1674
45 1926 1971
49 209 265
27 114 147
17 1175 1194
14 138 153
22 974 998
35 731 770
5 162 168
11 1063 1075
16 87 104
42 73 122
37 1660 1699
48 708 760
45 1653 1699
24 1309 1337
35 1956 1999
46 1862 1910
33 1447 1483
4 1672 1676
15 1631 1648
46 436 482
24 1067 1094
41 1128 1172
13 1030 1043
50 1680 1737
20 1332 1354
46 1106 1158
34 870 905
12 355 368
14 1439 1456
19 1409 1430
39 2064 2108
6 2118 2124
15 1854 1870
36 1393 1432
6 1405 1412
44 1421 1466
19 800 820
1 543 544
43 519 565
9 1127 1138
15 1865 1883
28 469 502
50 618 676
18 1332 1353
10 2015 2027
39 255 299
24 873 897
42 3 48
16 1603 1621
39 541 587
39 254 296
27 906 938
29 1166 1198
4 1858 1862
27 52 84
30 1759 1791
3 159 162
42 1492 1535
43 965 1017
27 510 540
6 460 466
44 1203 1252
16 1390 1408
49 431 487
4 833 837
32 647 686
27 1530 1563
21 1562 1584
32 2019 2054
12 1468 1482
46 73 122
49 2054 2111
18 1385 1405
13 622 635
40 139 187
28 1621 1651
30 456 487
45 2122 2173
27 1478 1508
43 531 580
5 176 182
28 158 187
14 194 209
44 614 665
26 625 653
38 1323 1367
16 159 175
6 1359 1365
42 4 46
40 922 964
9 1030 1040
43 323 368
11 500 513
36 615 657
45 1496 1552
25 808 837
5 1672 1677
41 1165 1207
22 2088 2112
25 1545 1570
7 1009 1017
8 1491 1500
13 1438 1451
11 1152 1164
34 1283 1324
26 473 505
28 692 724
17 1476 1496
10 775 787
12 877 889
39 1536 1580
46 1213 1268
1 1552 1553
7 521 529
29 1860 1890
35 281 324
20 1941 1964
26 1990 2018
23 1703 1730
1 2030 2031
44 51 97
49 958 1017
44 1616 1660
49 1064 1119
47 910 957
46 1633 1688
21 1091 1113
50 1780 1836
21 549 574
6 992 999
2 9 11
34 540 575
22 1252 1276
22 1712 1736
46 887 937
14 1220 1236
17 1133 1150
49 1290 1344
6 1860 1866
39 1198 1238
2 1642 1644
14 1990 2005
36 570 607
43 1017 1061
20 2076 2099
44 170 218
5 300 306
14 1668 1685
37 156 196
17 1190 1208
2 1432 1434
12 834 846
4 1377 1381
46 1170 1219
17 981 998
43 1202 1251
37 519 563
39 1440 1483
26 1602 1634
19 1118 1141
5 815 821
40 1752 1800
8 346 355
34 1662 1699
47 364 418
19 2007 2027
44 1878 1927
39 1273 1315
30 569 606
31 1537 1573
3 1525 1528
31 1734 1766
30 1143 1178
13 1485 1499
3 125 128
19 1758 1779
42 276 326
34 1023 1062
18 706 727
20 450 472
41 1171 1216
48 1340 1388
16 683 700
22 1658 1682
35 1336 1372
6 1533 1540
43 468 515
25 1638 1667
42 805 849
25 555 583
20 437 458
5 939 944
49 211 265
20 113 135
8 868 876
21 2082 2108
23 534 560
13 1142 1158
6 675 682
43 249 294
42 1763 1805
44 86 136
5 1285 1290
2 300 302
6 970 976
47 720 771
13 903 917
20 49 69
44 294 345
17 2048 2065
19 248 271
9 1208 1217
23 593 618
39 686 728
34 891 925
50 279 330
42 387 439
21 1280 1305
43 945 996
3 2123 2126
46 1584 1637
4 1422 1426
33 1989 2029
48 1036 1084
50 996 1047
2 1524 1526
46 1877 1923
30 1082 1118
8 2019 2028
15 687 702
21 842 864
24 1845 1872
37 1282 1326
5 740 745
10 1873 1885
46 897 944
30 1760 1795
11 317 328
45 677 724
43 1948 1998
26 744 774
39 1118 1157
39 1126 1171
27 615 642
43 1731 1779
41 838 885
5 480 486
20 1487 1509
20 454 475
9 1209 1219
18 1860 1881
2 1221 1223
30 910 942
31 296 334
27 138 168
