150
148 492 646
94 126 221
112 557 686
73 583 667
78 3 83
61 543 610
113 187 310
129 165 294
88 467 569
92 693 786
109 288 409
28 486 522
26 302 337
21 5 38
116 72 202
54 487 543
146 34 183
98 681 785
86 56 156
86 443 534
141 664 810
88 689 786
30 393 438
55 471 532
104 219 332
66 94 166
41 768 811
33 587 632
109 452 563
48 16 67
128 123 260
34 478 513
57 710 779
140 398 546
83 158 254
79 722 802
96 241 339
1 607 617
75 585 661
61 662 725
62 620 682
93 497 591
37 390 434
20 102 126
83 566 666
117 618 748
45 234 289
55 263 318
122 677 801
105 90 201
149 727 893
109 48 167
130 13 153
142 638 783
89 246 342
34 587 624
32 221 256
80 229 314
83 402 494
76 771 856
119 392 518
31 582 625
40 541 586
100 303 411
39 63 105
59 86 156
113 661 778
95 310 416
120 579 703
36 120 158
88 128 227
56 303 364
128 162 302
105 629 735
124 253 389
39 626 670
55 356 421
143 331 488
68 309 387
141 239 391
24 268 302
63 609 680
30 311 342
68 402 479
94 431 526
85 310 399
33 568 608
20 168 198
68 493 570
136 258 402
94 90 187
42 638 681
128 9 148
22 201 229
145 76 227
149 295 457
92 247 349
51 352 409
72 10 83
87 409 505
130 700 843
43 162 212
24 650 676
99 505 610
84 727 820
106 683 790
37 672 721
112 480 596
130 725 862
45 356 409
106 150 262
96 485 586
169 18 189
116 468 601
40 225 277
76 3 85
40 486 540
66 561 636
70 492 565
87 229 321
104 680 786
86 755 847
39 180 226
141 228 380
126 620 757
21 732 755
97 211 314
57 500 573
85 364 461
61 199 275
129 623 764
32 222 265
24 395 426
90 664 756
131 103 236
31 568 601
131 131 268
58 758 819
80 568 661
134 41 178
137 328 467
67 570 655
70 713 800
39 474 528
42 375 426
50 705 756
148 6 163
76 469 556
107 665 775
203 435 638
