150
3 47 50
20 210 231
48 15 63
30 508 543
49 48 101
6 210 216
3 26 29
19 610 630
13 594 609
36 615 653
17 312 331
47 330 384
37 484 529
31 125 158
45 88 139
43 170 223
22 567 591
38 124 171
19 441 460
5 83 88
41 160 201
39 166 208
10 26 37
39 237 281
28 273 306
26 307 338
32 251 288
31 181 212
45 373 421
26 352 383
26 402 432
21 510 536
13 68 84
14 418 432
20 421 443
39 130 176
6 548 554
15 297 314
37 129 175
50 561 619
1 438 439
37 166 210
48 79 134
46 161 211
48 232 288
22 138 163
28 75 105
27 252 283
31 128 160
45 436 488
49 173 224
11 161 174
37 419 459
39 530 569
7 134 142
42 227 270
50 185 247
18 269 290
15 307 323
40 74 114
29 30 62
2 588 590
8 471 479
39 447 491
12 497 509
16 250 266
5 497 503
4 568 572
31 403 440
24 577 605
34 599 637
17 127 147
33 66 101
32 436 472
50 146 203
22 76 101
24 633 657
6 453 459
11 325 336
3 267 270
7 436 444
17 60 80
1 563 564
26 419 447
45 291 337
12 46 59
41 118 164
11 628 641
35 360 397
11 78 91
32 380 417
50 315 365
40 415 456
42 259 303
4 619 623
41 135 178
13 629 643
25 151 177
39 588 633
47 417 470
27 519 551
45 557 602
31 573 611
5 284 289
27 622 654
14 93 107
29 561 592
49 612 662
13 86 100
23 138 164
16 548 567
31 190 225
24 108 132
14 126 141
15 93 110
1 614 615
23 320 347
35 218 259
9 354 365
32 408 445
36 95 137
20 505 527
22 589 615
10 510 522
46 194 248
3 433 436
30 146 177
5 636 642
40 393 438
12 272 286
37 540 582
18 363 381
32 574 608
48 380 428
30 169 204
41 488 529
5 85 91
2 21 23
29 384 414
49 381 432
4 127 131
47 285 343
23 356 383
32 262 300
24 405 432
7 328 336
1 630 631
24 82 107
44 446 498
6 502 509
