350
88 1486 1580
23 484 516
61 1533 1596
62 862 934
86 545 643
112 1367 1479
33 130 171
40 1039 1088
55 1029 1095
139 573 726
125 1339 1468
96 263 369
103 1195 1309
130 825 962
35 393 431
103 1689 1803
110 939 1057
77 24 107
108 1631 1744
60 567 627
129 1259 1389
68 842 910
51 316 369
80 682 776
57 1856 1913
62 1059 1127
85 897 983
102 1790 1896
109 484 595
21 67 102
89 185 280
32 1015 1047
117 292 420
89 30 132
90 1371 1473
64 269 336
45 737 791
52 693 747
52 1625 1682
95 379 474
81 1281 1368
53 1184 1238
137 881 1025
51 1619 1671
84 333 430
141 937 1087
129 399 534
138 1535 1677
71 1884 1965
25 516 553
110 1541 1654
70 1616 1694
131 1047 1178
75 1791 1874
107 752 871
39 644 693
121 168 295
131 851 984
24 901 927
43 1380 1440
46 470 524
80 235 330
80 555 637
54 962 1017
69 388 467
113 324 451
128 1866 1996
33 1164 1210
59 1348 1410
120 123 243
77 952 1037
77 245 324
45 294 345
32 1251 1287
128 1180 1310
95 75 178
81 1855 1943
149 591 750
145 348 496
66 918 996
83 660 758
96 1256 1352
51 1800 1857
103 1863 1966
60 420 481
39 463 503
51 1863 1923
525 395 928
50 1004 1062
62 1118 1183
131 1413 1548
70 1605 1675
93 1147 1243
64 34 99
47 1233 1281
28 447 477
69 1608 1691
21 167 196
122 381 513
103 1064 1170
131 843 975
120 156 285
32 716 758
115 360 482
98 1711 1823
100 238 341
98 760 862
53 1264 1326
45 103 152
119 240 367
97 334 447
32 893 933
108 1752 1868
121 1054 1185
135 826 968
108 653 765
110 968 1079
100 1662 1766
49 556 606
127 1756 1894
143 300 455
50 1817 1878
83 211 303
86 1528 1621
52 1021 1086
138 906 1053
47 602 661
32 1270 1306
49 638 688
36 468 506
113 406 525
126 1875 2015
123 850 985
127 252 379
38 1086 1129
45 1480 1531
53 1387 1448
117 862 984
147 405 554
100 93 195
25 821 857
26 1139 1170
144 1294 1443
81 763 851
114 784 909
119 520 639
112 1747 1859
121 92 219
79 1102 1185
89 579 668
68 1373 1455
118 1841 1963
122 1505 1634
145 519 665
109 764 881
101 921 1038
57 1839 1904
96 1082 1187
83 1233 1319
109 805 916
73 1531 1610
85 1385 1477
23 625 651
28 1530 1570
25 1729 1758
120 354 474
58 43 118
130 1500 1638
103 1863 1974
110 1241 1353
75 1161 1244
142 106 248
102 1256 1365
98 463 566
27 934 972
1 1056 1065
121 272 402
137 151 299
56 121 181
22 1629 1656
121 1685 1809
82 530 622
46 738 795
75 116 199
103 338 445
110 284 398
118 316 435
144 1611 1764
24 1211 1245
127 1698 1828
37 72 119
86 371 461
138 1886 2034
106 512 623
54 1501 1561
57 4 68
47 581 646
90 205 297
22 1784 1809
135 668 803
75 631 713
143 70 216
80 195 276
131 1175 1307
37 795 848
119 203 326
34 1010 1053
75 262 347
36 408 452
43 746 795
44 1720 1773
122 1464 1594
64 1685 1755
54 1764 1829
124 1156 1293
20 966 987
83 166 257
147 1660 1811
131 1842 1981
63 289 352
59 913 977
31 875 908
116 765 891
81 1449 1536
112 810 933
36 1302 1348
121 564 701
118 109 238
108 119 236
64 32 96
71 1037 1114
50 66 128
134 261 397
70 1348 1420
97 998 1098
128 1614 1750
22 335 363
64 1457 1521
58 1215 1278
134 135 274
96 1168 1266
62 54 124
128 1202 1330
130 465 601
103 1873 1976
65 502 567
42 580 631
103 122 227
131 1251 1396
53 534 589
124 1733 1870
49 816 868
109 258 368
109 1495 1612
95 1650 1751
64 1650 1720
46 1200 1254
148 641 794
39 365 413
20 1387 1411
147 1533 1687
65 901 974
296 143 441
117 584 702
121 509 635
121 1620 1757
143 1223 1370
138 570 714
144 431 578
107 1300 1409
146 62 217
148 1109 1260
39 1676 1729
109 1068 1184
147 269 429
116 1881 2003
147 1794 1949
52 799 856
135 1352 1498
128 815 948
67 680 751
144 758 912
38 1879 1918
136 1401 1545
75 1558 1633
90 646 748
42 46 97
91 212 311
44 1539 1597
124 193 317
53 1114 1176
101 386 493
23 885 910
45 1137 1184
57 1513 1573
136 745 885
50 971 1033
95 1506 1602
26 711 740
28 1268 1312
109 813 931
77 568 661
48 756 809
145 1320 1471
135 524 661
54 97 152
105 866 976
89 1684 1775
112 1784 1898
142 1790 1932
98 1539 1637
31 1557 1593
61 449 517
40 1854 1896
121 1547 1673
25 697 736
128 1612 1750
78 770 854
62 920 984
51 1758 1810
99 1573 1674
72 1011 1087
113 926 1048
39 238 279
74 186 271
64 1571 1645
145 224 386
143 539 687
71 1449 1525
30 1418 1452
86 910 1001
71 287 369
45 87 138
126 84 216
38 2 56
139 112 260
116 2 119
42 559 607
21 876 897
40 1461 1515
134 1674 1818
102 257 362
129 322 454
51 1643 1709
46 549 595
41 1452 1500
60 1831 1897
132 926 1058
73 1484 1558
5 816 828
