200
32 243 284
39 340 381
74 746 820
82 731 816
135 3 146
80 838 926
128 287 430
149 1062 1222
40 542 597
48 154 211
142 299 455
78 396 478
107 230 340
138 925 1069
89 848 944
146 109 255
83 540 635
134 624 773
27 122 150
138 1004 1150
75 1064 1143
96 227 323
145 576 728
34 537 580
131 638 775
126 142 273
147 239 393
64 779 845
105 47 163
139 765 910
90 918 1012
132 360 500
31 448 484
57 452 510
59 584 646
88 53 154
58 611 676
69 578 649
75 996 1080
141 925 1070
59 130 193
35 837 884
54 374 430
70 191 262
118 313 436
26 1031 1058
120 418 543
37 205 252
43 193 236
1 221 236
34 623 661
119 789 918
59 396 464
130 583 724
54 530 597
139 246 394
86 614 705
44 93 138
59 1047 1122
100 549 655
28 671 699
82 701 790
84 42 129
64 213 281
50 68 128
107 905 1019
29 1029 1070
67 137 212
70 882 961
98 1052 1166
21 396 422
108 966 1080
33 1006 1047
79 770 859
35 701 750
99 816 916
60 34 102
61 745 819
95 443 548
66 676 743
125 836 970
26 554 584
130 725 862
41 186 238
90 705 798
39 692 735
50 1015 1071
22 1002 1033
127 395 524
67 434 509
123 624 765
64 75 140
149 141 297
119 710 837
66 914 990
78 47 130
125 62 194
120 589 712
24 289 324
569 578 1154
112 265 386
108 640 748
109 197 310
69 765 838
88 1038 1137
42 872 924
76 93 169
106 466 584
130 290 435
114 32 158
105 945 1055
98 396 494
45 598 645
98 926 1029
142 228 379
125 1009 1142
22 186 211
102 711 815
62 798 865
124 570 695
30 248 282
77 947 1028
27 610 644
89 783 875
22 209 235
125 225 353
106 96 211
108 492 611
64 552 616
32 277 310
106 115 232
124 246 386
90 575 679
56 772 836
133 484 629
107 331 443
35 857 896
106 689 807
61 176 238
148 789 943
34 453 489
83 51 137
70 330 400
57 221 286
42 0 48
118 704 825
97 12 114
115 331 453
26 470 498
149 130 280
144 194 340
63 646 714
126 424 550
82 674 769
146 987 1145
144 487 642
54 848 915
101 616 734
39 978 1017
67 189 263
113 219 334
85 276 378
117 12 137
61 688 762
117 27 144
28 556 593
131 635 770
28 382 427
139 272 422
115 574 690
55 58 129
109 132 252
65 124 196
60 434 505
63 792 859
110 248 359
96 921 1027
27 13 49
119 40 170
67 14 83
53 210 272
48 281 343
140 255 404
102 992 1096
70 149 219
119 490 610
130 953 1087
61 487 559
93 494 588
62 290 362
98 255 369
26 336 374
145 624 782
59 256 329
98 317 416
83 717 806
66 208 285
42 941 988
102 375 484
46 832 878
