50
19 106 129
39 82 124
3 210 213
38 71 110
29 62 98
38 76 121
30 60 95
37 47 87
11 181 192
44 113 162
28 98 127
41 32 80
46 176 230
18 7 26
36 179 221
30 117 147
29 138 171
23 121 148
24 138 163
30 120 154
4 37 41
21 42 68
45 158 204
12 181 194
4 52 56
22 4 28
33 131 166
11 64 77
50 20 81
24 73 100
21 65 87
8 60 69
40 62 108
43 147 198
49 74 133
1 83 84
28 9 41
45 198 254
12 182 196
29 87 116
50 86 141
33 173 210
14 195 212
20 132 155
37 172 218
25 49 80
5 210 216
29 198 229
44 107 155
16 193 210
