50
130 48 181
84 142 235
130 97 240
89 56 155
51 177 235
146 256 406
148 240 393
98 180 288
46 19 74
140 205 359
91 22 115
69 148 217
1 184 200
119 95 214
125 134 268
42 122 181
116 108 230
128 281 410
36 95 146
124 297 431
113 93 215
59 129 202
63 272 346
42 7 57
147 159 312
109 197 312
74 12 87
67 121 193
140 276 421
60 7 74
123 231 361
66 188 263
22 216 238
80 42 132
39 117 167
50 279 338
149 224 377
353 118 478
74 140 219
97 112 217
70 115 194
79 100 183
138 38 180
65 227 301
29 53 92
105 178 292
33 281 329
70 115 188
137 125 268
326 160 491
