300
1043 10094 53275
290 52013 55817
1023 868 38205
477 129 4754
2855 1881 14650
44 11298 44290
494 9112 10226
38 39173 42965
317 2527 4235
2127 2318 37849
1034 46722 67107
1357 12844 49468
1272 11179 27025
1217 1619 20560
710 13776 24308
340 15502 54878
788 2651 10922
316 51465 62322
845 33426 46173
766 49785 55441
821 9874 38975
236 5474 8430
854 2279 8678
547 1597 47140
1876 27507 43805
2044 10905 15147
575 15124 31450
2 18846 44621
100 60672 64597
861 13222 20972
750 18676 39979
191 29991 49714
844 35950 39177
810 33440 54152
1088 3430 7805
601 5320 52604
632 46768 51591
303 0 354
195 22189 36964
1612 4221 9973
2407 5801 32842
2304 25951 61967
347 8368 11667
386 0 1049
143 13881 37999
2092 22702 26826
986 6369 63524
500 38608 42911
614 25883 67021
2109 4355 8920
149 16635 60508
117 43513 48304
1922 14839 18809
1327 27036 66441
612 1806 3059
821 283 18947
476 16892 49589
851 50704 54240
819 5499 12538
915 20848 32299
2151 26946 30646
550 26469 49467
478 43645 61060
394 28778 32979
1241 3794 6676
1018 3785 20546
1509 320 2614
1250 26448 48116
2080 644 38102
1669 5576 15908
591 49091 65416
1111 9578 50146
331 7280 49124
824 16412 45477
471 6898 43615
1219 11413 25247
1264 42411 45228
449 10612 29142
1210 14526 57142
1951 17108 30613
954 22122 36912
704 22726 29731
1151 7820 35902
628 666 46685
2327 8276 48650
195 19768 35238
897 2226 28648
456 31882 64173
1260 19722 25393
582 42992 47649
1235 11412 16564
368 34664 64445
991 1370 9408
2324 0 3092
13 8538 27330
301 15742 45032
158 950 2310
803 29095 51623
1261 1477 4316
562 13356 37559
188 2578 8239
1327 12200 44638
1045 11959 17330
778 22391 32530
387 10427 14230
1090 18627 31473
1147 21664 51301
40 7093 35696
717 35021 36397
2973 30852 42191
972 2366 13175
199 33791 51887
1071 16022 52011
1164 22637 65915
156 392 3004
1451 15669 63229
1558 15497 20437
506 599 11097
1702 5388 28999
775 5169 16126
426 37955 47478
865 35487 63853
898 7530 24326
864 14886 30876
1104 16278 61717
2010 21117 24564
175 13211 14048
1190 14020 26814
355 44379 54776
590 7826 14361
323 8413 48948
900 0 1250
59 28395 44617
114 1483 14126
97 27705 42218
1947 16687 49783
675 3630 35305
1031 4552 11635
635 5147 56841
535 17247 18204
1668 5076 27032
561 6536 57790
498 31719 36785
46 6559 23881
67 6938 19010
336 3716 18767
548 12464 28944
101 277 2224
604 327 2045
49 263 1241
21 7126 46767
342 432 2495
2242 50942 58986
845 5872 18737
629 614 7406
1452 45730 51718
240 15219 20138
2668 6489 58800
1219 27261 58997
664 9764 61836
1221 32925 34591
113 13756 30589
125 15295 32712
10 322 1125
2152 24775 33579
605 5272 10254
776 23808 34517
1866 295 5452
382 7571 24637
450 1297 3295
2498 6877 19729
2350 21631 70931
156 25132 28515
425 33387 53565
2576 61620 68652
881 11605 17140
1315 40623 59977
881 35486 56108
383 28646 63577
891 1658 6121
151 603 47988
334 7270 19334
189 14898 17877
1755 45579 64735
12 56301 66736
367 19554 39805
2575 2036 36224
156 10574 39997
1170 27525 68837
994 30477 34914
155 36081 47868
1200 46272 60368
242 6719 22783
1925 11633 39259
280 42387 44519
120 17031 17195
479 818 2841
2848 5136 41512
1300 11239 15352
869 33173 56180
1086 11032 26073
481 311 41435
1938 533 4660
600 537 6774
1089 39480 60237
2308 16686 45613
795 2511 11677
1266 18800 28392
1236 9460 13436
134 7140 10837
893 14036 23074
877 38999 43306
179 6477 8660
64 3895 46796
1197 8832 23266
760 2656 42556
2533 5010 57165
2947 1697 11587
380 16507 21161
165 34397 56931
995 22764 33148
877 37286 45942
2958 5225 21609
176 26468 39263
2896 47293 55339
713 313 1775
143 38808 63883
301 17746 66482
3 33488 34947
357 5011 21160
30 37029 56847
2923 4743 23519
2330 33362 62681
988 452 3602
1268 14263 16535
13 27503 31670
113 33681 46134
674 35151 62779
1210 6466 54496
1107 23494 67835
1202 30909 57908
988 971 39125
643 7259 13123
435 11666 58839
1038 11931 22425
184 7328 38543
1151 54992 64871
2509 59613 65070
2710 7794 46881
1031 2764 16494
462 5098 7866
183 14772 51500
1243 2689 9738
966 3431 22426
514 42965 64842
2088 7515 28223
1477 6927 34675
1286 10373 30202
1209 18136 61446
1178 39476 54427
1779 61853 69219
644 547 11467
1001 34757 47564
855 8265 27849
759 17203 41997
223 12278 32994
246 5895 20548
519 5431 12455
965 14169 37974
378 29003 33133
1066 4166 14924
617 26699 32879
576 244 1055
421 29772 55334
1125 8875 12257
638 44883 48908
1663 10586 50889
1028 2849 40820
150 16936 51083
234 1094 2159
201 20672 41457
22 21389 23233
1300 35329 41182
992 39273 49015
54 307 2009
1123 38487 53430
1250 1496 5065
2243 2405 6080
2814 3412 8170
172 6038 17629
790 17874 41713
527 2946 7261
494 12026 23704
454 45445 46171
517 42255 51945
159 4473 7971
1034 37586 51246
863 37547 62630
1053 25549 58902
1128 12061 25166
