150
20 697 2137
123 185 798
2 48 757
88 238 470
79 106 2799
112 65 253
22 2191 2972
89 143 1159
12 260 2359
65 2410 3169
45 90 186
44 8 155
126 1204 2332
108 471 870
125 2514 2921
155 1426 2345
119 127 262
31 109 372
32 303 2800
46 175 1845
116 359 1119
123 153 1306
44 92 1968
22 358 542
130 1034 1355
56 69 199
119 1461 3014
13 1171 1459
251 7 411
40 1646 2857
9 867 2062
1 680 1186
98 1722 3020
14 55 1046
91 2123 2787
15 384 1192
264 422 1973
263 277 2780
1 549 1186
109 376 906
66 628 2233
74 120 765
68 1068 2809
17 271 1215
67 1477 1781
38 246 1252
81 1251 3151
119 1147 3298
61 933 3077
75 817 1359
56 30 255
134 1692 2953
69 1370 1812
82 2942 3428
92 1011 2706
8 0 149
61 732 2159
151 1021 1452
65 2163 3066
107 1728 2116
26 262 1348
163 1616 1895
126 461 1419
97 7 168
130 220 1013
9 2617 3026
11 37 598
136 1060 1311
66 1205 1562
104 2783 3464
151 276 743
26 1679 2015
182 47 650
185 41 505
102 6 1938
323 23 2435
96 9 2576
128 1329 2271
148 669 2552
203 2802 3306
49 310 538
87 186 484
120 1893 3245
45 64 3180
97 374 1457
23 600 1179
106 903 3120
11 569 1463
92 101 1561
40 0 127
52 147 2910
78 1896 2666
34 152 1636
16 1368 1935
46 0 63
205 213 667
171 1198 1682
35 66 579
51 47 2525
75 1619 1843
63 525 1661
87 967 2069
38 115 401
76 2443 2624
52 1427 2638
111 0 362
95 1249 2633
95 456 660
302 1878 3138
79 1268 1442
153 511 1219
177 1557 2203
50 694 2852
158 613 1535
103 175 886
150 570 1046
109 987 1182
68 1558 1658
80 22 352
95 1013 2450
62 1694 2344
85 0 109
32 1032 2938
26 592 1489
249 1593 2244
77 143 357
112 89 513
133 163 994
133 1322 1809
43 1193 2021
88 1019 1910
182 1875 3488
84 819 2431
131 466 761
115 2981 3352
130 42 3349
25 2930 3094
77 1374 2756
50 569 1582
30 1677 2732
21 1370 2363
9 976 1052
103 792 2406
9 1576 3162
169 976 3449
84 1314 2480
147 956 1713
264 589 1004
228 889 1213
87 462 2029
