200
50 1 63
28 5 34
20 10 50
29 1 31
20 5 26
34 9 52
8 13 40
3 13 25
36 12 52
25 13 39
7 2 13
9 9 24
21 3 28
21 11 44
13 13 38
25 7 39
5 4 17
5 8 33
18 12 48
44 11 62
28 12 54
34 7 58
32 16 58
24 5 38
49 11 80
6 12 36
30 17 53
31 7 50
21 16 46
46 13 72
7 10 21
30 14 61
32 12 52
24 15 42
28 12 56
35 18 65
36 21 75
37 21 66
39 17 61
42 21 66
6 15 24
29 10 49
49 11 73
46 12 77
13 21 36
44 20 75
26 16 56
29 22 58
25 13 58
27 18 58
16 18 36
49 13 80
37 21 78
3 18 30
35 19 65
35 15 68
2 21 36
21 14 41
10 17 32
27 24 65
10 16 33
37 19 64
30 15 55
45 25 87
14 18 47
47 23 73
27 22 62
42 19 75
37 24 66
26 23 60
19 28 60
2 24 27
44 26 89
43 28 90
7 28 45
27 28 67
16 31 56
41 28 70
39 20 72
19 27 55
45 29 80
34 23 71
45 32 84
20 29 62
48 26 83
23 26 52
46 32 88
18 32 55
43 25 87
18 34 57
7 24 46
12 30 58
20 25 52
27 27 67
1 30 50
27 30 58
17 24 49
13 26 50
33 27 72
38 30 82
25 28 68
41 37 84
32 30 72
19 34 73
26 27 59
31 26 58
2 26 37
30 35 79
29 34 79
47 30 80
46 31 85
20 36 73
32 39 79
18 35 71
16 36 72
7 33 57
48 38 105
15 34 54
50 36 92
40 41 84
14 35 67
4 32 39
17 40 59
11 38 67
20 36 59
15 31 62
20 32 70
34 39 78
46 36 96
43 33 94
13 39 66
49 41 109
36 44 85
30 39 76
24 38 78
41 40 96
41 39 87
12 35 58
49 38 96
19 45 76
10 37 57
48 43 109
46 36 89
47 38 101
14 42 64
13 47 80
10 46 65
33 45 87
12 46 62
44 46 94
12 37 65
19 38 58
31 41 83
33 45 82
7 45 69
15 46 68
46 44 93
10 50 76
44 42 90
39 44 96
22 49 74
44 45 109
36 47 86
3 44 56
10 44 73
49 44 111
16 49 82
29 49 79
40 51 109
37 44 93
30 49 90
30 53 95
39 55 113
30 46 92
47 50 114
22 52 82
29 51 96
2 46 59
29 51 97
44 54 106
42 53 98
14 47 72
31 49 81
6 56 63
34 51 87
39 50 106
46 46 108
12 57 76
28 50 81
38 56 97
25 54 97
14 53 74
18 52 73
2 54 59
5 50 64
24 49 83
8 55 82
36 57 103
17 53 81
26 54 93

