150
26 3 43
37 3 44
22 8 43
39 8 62
36 7 44
22 12 35
41 12 63
38 10 54
28 11 55
29 8 46
16 13 41
11 3 29
10 9 28
15 7 42
17 13 47
3 13 18
49 12 62
28 12 49
50 10 65
8 15 27
6 12 36
47 7 65
44 8 56
3 17 23
17 9 31
12 7 34
9 8 31
21 10 43
7 13 40
44 18 69
11 16 35
49 18 78
42 9 58
2 19 28
32 16 58
33 19 55
45 15 62
13 17 39
13 14 47
3 15 27
13 19 33
29 17 65
26 10 38
23 11 49
5 21 28
3 17 29
42 13 61
29 19 52
50 20 86
34 17 55
14 18 39
32 18 68
2 22 40
13 23 48
39 15 56
3 23 37
4 25 43
15 25 42
45 19 79
30 17 60
44 21 72
32 26 65
8 17 27
45 24 78
18 19 39
20 22 48
41 24 76
49 20 75
14 25 46
50 22 89
44 18 67
45 18 64
49 29 98
24 25 58
9 29 56
48 26 81
36 21 70
10 25 43
41 26 86
41 20 80
39 30 78
1 29 37
47 22 88
38 21 67
1 21 38
43 27 73
6 21 43
34 21 75
46 27 81
31 32 68
41 33 85
39 27 76
36 34 88
14 32 51
8 31 56
1 34 39
16 32 65
27 29 72
46 34 92
10 34 46
36 25 63
22 33 75
28 37 73
1 36 44
50 32 83
13 29 44
45 33 83
45 26 89
6 27 37
24 34 65
31 30 78
28 30 67
44 33 92
28 30 72
28 28 67
11 31 54
25 33 64
14 29 62
29 35 80
48 29 85
26 40 68
38 31 77
14 31 65
16 31 58
2 31 37
14 31 60
4 38 52
16 39 74
39 32 90
32 40 82
20 40 64
6 41 49
15 39 67
45 41 103
18 44 63
26 45 85
22 34 60
40 41 84
31 45 93
45 42 103
8 39 51
11 43 58
5 43 49
42 43 90
42 47 103
19 44 74
33 48 98
50 47 106
2 41 59
39 39 90

