450
7 226 233
3 226 233
4 226 233
5 226 231
1 226 231
4 226 231
2 14 16
1 14 16
1 14 16
3 14 17
1 14 17
2 14 17
8 178 186
2 178 186
6 178 186
8 178 186
1 178 186
7 178 186
9 66 75
2 66 75
7 66 75
7 66 73
4 66 73
3 66 73
9 164 173
1 164 173
8 164 173
3 164 167
1 164 167
2 164 167
9 154 163
5 154 163
4 154 163
4 154 158
1 154 158
3 154 158
3 435 438
1 435 438
2 435 438
8 435 443
1 435 443
7 435 443
5 194 199
1 194 199
4 194 199
3 194 197
1 194 197
2 194 197
6 232 238
1 232 238
5 232 238
7 232 239
1 232 239
6 232 239
8 223 231
5 223 231
3 223 231
4 223 227
1 223 227
3 223 227
5 47 52
2 47 52
3 47 52
9 47 56
6 47 56
3 47 56
6 258 264
2 258 264
4 258 264
2 258 260
1 258 260
1 258 260
5 34 39
3 34 39
2 34 39
2 34 36
1 34 36
1 34 36
2 88 90
1 88 90
1 88 90
7 88 95
3 88 95
4 88 95
7 329 336
1 329 336
6 329 336
5 329 334
1 329 334
4 329 334
7 388 395
3 388 395
4 388 395
2 388 390
1 388 390
1 388 390
3 246 249
1 246 249
2 246 249
3 246 249
1 246 249
2 246 249
8 236 244
5 236 244
3 236 244
2 236 238
1 236 238
1 236 238
2 367 369
1 367 369
1 367 369
4 367 371
1 367 371
3 367 371
8 51 59
1 51 59
7 51 59
7 51 58
5 51 58
2 51 58
5 193 198
1 193 198
4 193 198
7 193 200
3 193 200
4 193 200
5 160 165
3 160 165
2 160 165
7 160 167
5 160 167
2 160 167
3 370 373
1 370 373
2 370 373
4 370 374
1 370 374
3 370 374
9 396 405
4 396 405
5 396 405
2 396 398
1 396 398
1 396 398
3 154 157
1 154 157
2 154 157
3 154 157
1 154 157
2 154 157
6 296 302
3 296 302
3 296 302
4 296 300
1 296 300
3 296 300
7 23 30
4 23 30
3 23 30
2 23 25
1 23 25
1 23 25
3 56 59
1 56 59
2 56 59
7 56 63
4 56 63
3 56 63
9 54 63
1 54 63
8 54 63
3 54 57
1 54 57
2 54 57
8 287 295
6 287 295
2 287 295
9 287 296
2 287 296
7 287 296
4 60 64
1 60 64
3 60 64
3 60 63
1 60 63
2 60 63
2 88 90
1 88 90
1 88 90
9 88 97
6 88 97
3 88 97
7 336 343
4 336 343
3 336 343
6 336 342
4 336 342
2 336 342
5 89 94
1 89 94
4 89 94
9 89 98
2 89 98
7 89 98
4 315 319
2 315 319
2 315 319
4 315 319
1 315 319
3 315 319
2 175 177
1 175 177
1 175 177
6 175 181
1 175 181
5 175 181
8 379 387
5 379 387
3 379 387
2 379 381
1 379 381
1 379 381
6 340 346
3 340 346
3 340 346
5 340 345
1 340 345
4 340 345
5 17 33
3 17 24
6 17 31
2 17 20
6 17 30
1 17 23
7 325 341
5 325 335
8 325 336
2 325 334
4 325 340
2 325 330
7 413 423
3 413 420
8 413 431
4 413 418
5 413 429
2 413 417
3 406 419
1 406 407
9 406 424
2 406 408
5 406 414
1 406 410
4 338 344
1 338 339
9 338 363
7 338 349
8 338 348
1 338 345
3 202 211
1 202 203
5 202 212
2 202 208
4 202 217
2 202 205
8 425 443
2 425 428
5 425 441
3 425 428
5 425 432
2 425 428
3 248 255
1 248 249
5 248 257
3 248 253
4 248 259
2 248 250
8 354 373
3 354 357
6 354 369
1 354 360
3 354 364
1 354 356
5 336 348
3 336 341
7 336 346
3 336 344
6 336 351
4 336 345
4 103 113
1 103 106
7 103 112
2 103 108
3 103 109
1 103 105
9 45 62
3 45 56
8 45 65
5 45 55
5 45 51
1 45 48
3 364 377
1 364 365
7 364 374
2 364 367
9 364 383
6 364 374
4 17 24
2 17 20
7 17 27
1 17 22
7 17 30
4 17 25
8 22 36
1 22 30
9 22 35
4 22 33
5 22 35
3 22 29
9 320 339
2 320 330
7 320 332
1 320 326
6 320 331
1 320 321
8 272 284
2 272 277
6 272 286
3 272 278
6 272 285
1 272 273
9 376 389
3 376 387
7 376 389
3 376 385
4 376 388
1 376 379
4 23 31
1 23 25
9 23 41
1 23 26
7 23 40
4 23 33
9 211 223
3 211 218
3 211 224
1 211 214
3 211 220
1 211 213
9 255 276
5 255 266
5 255 270
2 255 258
6 255 266
2 255 257
6 62 74
1 62 65
7 62 72
3 62 66
7 62 77
1 62 67
7 408 421
4 408 412
4 408 422
2 408 411
4 408 418
1 408 412
4 203 208
1 203 205
9 203 222
6 203 209
7 203 217
5 203 213
3 155 162
1 155 156
7 155 167
5 155 162
9 155 167
2 155 160
6 61 76
2 61 64
3 61 68
1 61 62
4 61 66
1 61 63
3 20 33
1 20 23
8 20 37
6 20 32
7 20 38
2 20 22
7 226 238
5 226 233
9 226 251
7 226 240
4 226 233
1 226 228
5 357 365
2 357 363
5 357 371
1 357 361
9 357 377
7 357 372
3 158 164
1 158 161
9 158 175
6 158 168
5 158 166
2 158 164
3 73 78
1 73 76
9 73 92
5 73 78
7 73 88
1 73 79
7 424 442
2 424 431
3 424 432
1 424 426
8 424 443
6 424 432
5 124 132
1 124 129
9 124 149
7 124 133
4 124 134
2 124 126
8 406 420
3 406 412
3 406 411
1 406 409
4 406 417
1 406 409
6 202 217
3 202 206
5 202 214
2 202 207
5 202 216
2 202 207
8 58 78
6 58 67
7 58 73
3 58 61
8 58 69
1 58 62
3 410 417
1 410 411
3 410 417
1 410 412
6 410 424
2 410 417