400
38 148 190
4 320 324
26 586 613
13 1510 1524
44 163 213
22 349 373
24 299 327
7 1012 1019
21 793 814
47 1401 1455
36 304 347
19 1581 1602
17 1663 1681
10 1419 1430
46 252 304
23 602 629
1 932 933
1 47 48
35 1070 1109
13 1113 1128
24 1006 1033
30 899 934
22 855 877
10 156 166
5 477 482
15 353 369
33 1620 1654
17 1574 1592
18 1208 1226
22 1154 1177
47 135 185
26 1245 1272
48 547 602
43 28 80
30 1372 1405
3 1552 1555
6 666 672
3 1023 1026
31 224 260
13 418 434
28 14 47
44 461 505
46 978 1030
5 587 593
42 1359 1411
14 1254 1268
41 509 558
21 544 566
44 1489 1538
32 1545 1581
29 1190 1219
41 502 543
2 1241 1243
23 246 271
10 13 23
27 371 403
39 592 634
28 725 759
1 262 263
27 1677 1706
27 478 509
48 886 941
41 42 88
47 397 444
30 635 666
24 350 375
13 583 598
34 1455 1494
11 50 61
7 1329 1336
17 833 853
8 1547 1556
34 424 462
21 1231 1253
15 1423 1438
20 1638 1658
40 950 999
19 504 526
37 1460 1501
6 1261 1267
19 1159 1179
19 1032 1054
14 751 766
15 1343 1361
42 1425 1473
24 640 664
23 1393 1416
12 572 584
10 1607 1617
5 685 690
22 959 984
50 50 100
48 1590 1640
19 206 227
30 850 886
50 934 989
2 464 466
21 1121 1147
22 256 280
1 288 289
28 280 308
21 1452 1474
23 1411 1438
29 872 904
40 128 174
28 1075 1108
23 341 366
37 126 164
29 51 87
30 968 1005
35 1584 1625
29 1394 1430
25 298 327
28 924 957
33 763 802
3 1052 1055
12 1499 1512
26 958 990
14 1385 1399
46 1435 1490
17 1466 1484
47 1494 1547
34 372 408
38 102 144
10 1551 1562
34 145 184
19 894 915
17 614 634
19 318 338
40 514 554
44 978 1025
42 374 423
23 1223 1249
9 624 634
17 819 840
4 541 545
16 1002 1020
24 913 938
21 2 26
29 966 1000
11 1492 1505
13 1490 1504
7 627 635
49 371 424
3 326 329
1 1684 1685
44 509 562
36 823 865
14 679 693
1 695 696
9 1504 1513
44 1643 1692
25 134 163
17 1590 1611
48 572 624
19 698 718
8 680 688
32 1202 1236
42 841 887
11 1655 1667
23 192 220
24 1353 1379
11 301 312
34 899 941
14 899 914
46 1290 1337
18 1550 1572
35 1449 1484
11 947 958
45 94 144
5 475 480
7 1514 1522
50 825 882
2 254 256
7 833 841
5 593 598
46 1535 1589
13 1463 1476
25 1280 1306
48 450 500
8 565 573
38 974 1014
41 245 293
28 1579 1608
31 518 555
38 973 1014
7 186 193
50 1659 1710
37 1446 1487
3 1088 1091
29 66 96
16 1497 1516
6 623 630
32 496 529
28 620 654
24 1083 1110
15 1245 1260
45 1384 1430
2 268 270
49 30 88
42 1297 1344
26 1663 1695
3 520 523
48 1093 1143
23 874 901
1 778 779
9 464 473
44 1263 1316
48 1128 1178
4 459 463
24 241 267
10 1347 1358
36 67 106
5 696 701
7 601 608
49 771 823
17 48 68
38 1346 1391
26 1643 1669
30 924 956
34 1679 1713
36 825 865
43 423 473
15 513 529
12 158 172
45 1242 1291
41 1670 1713
47 1236 1285
2 1214 1216
31 1168 1205
26 178 207
4 711 715
15 734 752
30 198 229
29 84 118
15 884 901
45 1064 1111
32 1322 1358
6 1258 1264
40 1150 1197
8 430 439
45 1324 1371
47 260 315
23 996 1020
27 391 424
1 590 591
26 1261 1288
33 1230 1263
30 1494 1526
47 1643 1698
9 853 864
5 743 749
33 1158 1193
27 610 639
2 745 747
47 185 238
35 168 206
30 473 510
29 847 880
26 519 551
44 1678 1724
50 477 528
28 721 754
1 616 617
21 1675 1698
42 1068 1113
2 1111 1113
39 409 456
15 984 999
42 883 935
17 241 259
19 1122 1142
10 46 56
48 667 723
38 1176 1221
37 297 336
28 1275 1309
13 815 830
7 153 161
16 1208 1226
44 1229 1282
43 1136 1181
15 64 80
1 1098 1099
7 111 118
5 41 47
7 950 957
47 457 513
4 154 158
37 407 449
32 1464 1498
23 160 187
40 1532 1572
26 741 767
49 917 967
14 195 210
20 76 96
10 317 327
15 1581 1597
7 1334 1342
28 963 996
38 655 700
15 1143 1161
30 517 547
27 1048 1075
14 1637 1653
34 1358 1400
13 565 578
26 727 757
9 268 277
11 1097 1108
23 1625 1653
17 361 378
16 1674 1691
23 1358 1385
48 1142 1196
2 51 53
37 797 843
31 527 559
31 426 464
6 203 210
41 641 689
1 135 136
13 1577 1593
29 589 624
27 1369 1399
23 954 981
6 230 236
10 832 842
7 1434 1442
32 1250 1289
10 356 368
47 1080 1132
5 1591 1597
46 1318 1365
11 255 266
9 117 127
36 253 295
11 7 20
20 1037 1061
25 1489 1515
1 1052 1053
40 643 684
48 1029 1079
6 633 640
9 333 343
2 1665 1667
3 1629 1632
8 1587 1596
14 1690 1704
45 918 963
27 1018 1045
18 1519 1537
46 727 782
50 378 434
17 1001 1021
4 64 68
32 617 654
28 727 761
24 1486 1514
31 877 911
47 116 163
8 982 991
29 1371 1402
11 193 205
29 116 150
16 1371 1388
41 354 405
20 437 457
20 1675 1695
8 1524 1532
24 519 548
20 90 110
20 320 340
1 848 849
26 713 740
4 1666 1670
10 253 263
18 1351 1370
22 909 935
45 1277 1329
31 717 755
15 1245 1263
32 307 339
30 1552 1586
17 1372 1392
37 1516 1561
47 535 582
41 1634 1683
48 222 276
31 1631 1666
18 867 887
21 681 702
17 376 396
23 746 773
18 1018 1037
23 11 39
30 1193 1228
49 1631 1685
30 1343 1376
