200
2 404 406
31 683 719
19 782 802
39 665 711
28 439 473
19 108 130
46 219 268
32 49 82
30 127 163
21 695 719
20 94 114
1 647 648
1 189 190
42 126 170
9 35 46
38 152 197
20 209 231
39 329 373
29 330 362
19 14 36
44 824 869
34 329 369
30 470 506
3 308 311
50 61 112
1 391 392
26 720 752
3 8 11
5 526 532
34 365 402
25 540 566
7 821 828
7 423 431
50 132 190
50 301 362
30 663 695
21 475 501
21 731 753
35 698 741
27 508 540
48 780 829
20 462 485
35 734 769
47 750 808
19 442 464
18 55 76
35 426 468
21 217 243
23 81 108
2 376 378
11 512 525
45 38 85
26 509 540
8 749 758
11 410 423
49 32 85
24 287 315
16 716 732
47 460 514
13 798 812
48 562 615
49 604 656
4 406 410
23 717 742
43 451 500
47 168 224
10 405 415
22 475 497
20 776 799
41 812 858
29 210 244
19 173 193
25 211 241
20 768 790
44 19 68
15 392 408
24 5 31
45 50 100
20 439 459
16 485 504
27 219 249
49 747 803
41 408 452
21 364 390
1 680 681
25 484 512
31 84 118
23 278 306
8 583 591
10 827 839
6 151 158
49 741 798
2 759 761
45 411 467
50 64 121
20 755 776
45 757 813
29 600 632
18 64 86
29 690 720
21 517 541
32 241 275
14 23 40
47 392 447
20 605 628
24 391 416
19 648 670
47 262 309
37 467 508
11 532 545
36 393 429
48 417 475
24 294 322
17 105 126
17 818 837
14 148 165
43 746 795
34 172 206
20 406 427
22 764 790
39 55 98
7 178 186
30 374 405
38 844 883
23 37 63
47 508 559
33 398 434
24 296 324
10 31 41
2 472 474
29 44 76
3 465 468
23 170 197
22 575 601
39 98 145
26 186 213
21 389 415
48 653 706
18 256 277
33 807 841
37 477 522
11 140 153
34 342 380
30 405 438
30 191 227
33 597 632
44 577 629
6 529 535
7 527 534
1 592 593
18 685 704
30 586 616
43 481 534
48 709 766
34 705 747
25 308 336
32 609 645
25 670 696
18 542 564
40 63 108
33 553 592
13 203 218
8 8 17
34 673 708
15 783 801
1 372 373
6 551 557
38 319 366
33 728 761
50 191 241
9 52 62
21 242 264
6 349 356
16 286 303
1 819 820
24 172 201
22 301 324
8 569 577
15 778 794
37 513 553
33 141 181
25 423 453
33 743 781
34 756 790
11 686 697
46 623 673
3 156 159
8 471 480
43 28 75
4 101 105
46 327 382
11 556 567
29 443 475
10 694 704
12 650 663
9 800 811
6 325 331
44 569 617
37 428 471
46 539 590
