450
21 3 34
25 5 35
24 2 42
26 9 41
15 9 29
19 4 35
14 7 34
33 11 48
40 4 45
41 10 66
3 8 12
13 8 41
1 4 9
23 15 54
35 8 49
23 10 44
13 9 25
12 14 33
28 10 41
2 9 31
46 9 61
39 7 65
49 14 80
1 6 26
6 12 24
29 14 47
31 6 43
13 9 41
17 13 40
24 12 52
28 15 51
47 10 64
10 15 45
4 10 26
21 20 43
46 18 84
38 17 66
34 10 46
22 13 52
5 11 24
10 12 23
38 12 52
14 21 55
35 11 62
48 14 74
20 17 38
29 12 50
11 16 37
1 19 26
2 14 28
11 22 37
17 19 50
14 17 42
36 17 67
37 22 66
24 18 55
11 23 46
25 17 57
34 22 67
16 19 42
27 26 62
7 17 25
16 19 43
32 25 75
14 23 48
25 18 51
43 19 80
21 22 47
38 22 66
10 21 44
46 25 84
47 28 79
49 21 76
2 29 48
48 21 82
21 29 58
49 30 84
42 21 82
9 29 41
48 20 78
23 30 67
25 25 68
50 20 78
4 22 39
42 27 72
38 23 81
14 21 40
32 32 69
6 32 43
21 28 65
38 31 88
27 25 68
44 25 81
24 24 61
37 30 75
17 32 57
29 25 62
44 29 89
1 30 44
11 25 44
20 28 54
16 25 46
21 25 66
4 32 51
6 32 52
16 33 51
27 32 75
30 33 65
8 34 44
46 30 86
43 31 90
48 37 97
4 29 39
46 36 91
6 30 41
18 33 64
42 34 90
15 34 56
15 35 59
47 40 91
45 32 87
11 41 72
34 41 84
41 41 87
25 35 72
5 33 40
29 37 84
10 41 63
29 35 78
11 36 48
43 42 105
44 41 89
34 40 75
1 38 46
46 42 92
9 39 64
24 45 70
5 35 43
1 39 43
34 38 80
50 37 92
7 43 67
48 39 94
8 36 51
40 39 96
14 36 66
5 37 53
33 41 78
36 43 90
30 44 75
39 46 86
19 46 84
42 44 103
6 49 73
9 38 58
23 38 72
50 44 98
4 42 66
30 39 79
38 40 97
2 41 54
1 41 45
2 41 48
32 42 79
36 49 104
18 43 64
21 53 78
35 44 96
31 47 81
39 48 96
10 52 64
32 51 95
5 53 72
5 44 62
2 44 47
33 43 83
40 56 108
3 44 65
23 44 78
21 45 75
37 57 102
29 46 77
44 55 112
3 57 62
11 46 69
15 50 84
27 54 83
28 54 88
27 58 95
47 58 115
40 52 102
50 48 116
50 50 114
34 54 108
21 53 89
14 54 84
3 59 71
15 56 75
3 60 64
41 58 100
17 58 88
46 62 114
16 61 91
20 50 89
1 58 78
41 61 122
14 63 78
23 58 97
40 54 105
3 60 82
31 63 97
20 52 84
5 55 64
9 61 77
41 57 110
10 53 79
50 66 132
38 57 105
35 61 112
30 64 105
25 67 93
25 61 104
27 59 91
3 60 71
27 66 94
23 60 103
47 60 126
24 65 98
44 64 116
20 62 86
28 59 90
20 61 90
3 58 74
22 62 93
14 66 85
8 69 81
10 71 101
27 63 96
16 68 103
16 63 92
12 70 95
39 62 120
49 70 123
16 61 79
5 63 82
13 72 103
47 66 121
46 72 122
47 71 130
29 72 109
13 67 89
36 73 114
25 65 94
1 74 92
37 70 119
33 65 116
17 73 102
40 65 118
50 64 128
9 71 84
5 66 87
26 74 108
19 66 86
7 71 87
21 73 100
14 77 93
18 66 91
22 78 116
28 69 99
25 72 110
16 67 91
36 75 121
40 79 130
47 68 131
29 79 109
43 69 117
5 74 97
17 75 98
31 73 122
37 77 121
1 77 86
8 76 87
39 75 129
26 72 112
14 72 101
13 78 107
23 76 116
31 72 118
24 80 109
42 82 144
16 81 117
46 79 128
8 74 84
31 83 122
12 76 107
45 82 130
14 75 100
42 86 129
13 75 93
18 79 109
33 83 123
23 86 113
23 75 103
18 85 107
22 83 112
8 77 96
27 79 119
42 79 131
10 79 100
35 81 121
32 83 124
12 85 115
41 84 128
25 80 114
32 86 138
4 79 86
20 89 125
21 85 123
34 85 122
30 91 130
20 85 114
37 85 123
24 91 128
10 80 96
8 90 115
47 92 146
10 91 118
5 81 92
9 93 117
16 85 119
24 93 123
21 92 122
39 90 149
36 87 142
14 94 118
11 95 117
37 89 133
26 85 129
18 84 106
42 87 133
2 95 105
23 90 130
39 90 143
7 95 103
6 88 99
31 92 140
27 94 136
47 89 147
15 95 122
7 96 114
50 95 147
25 92 121
15 94 114
19 90 114
29 92 128
1 89 103
18 94 117
5 89 101
12 99 117
28 100 138
1 94 104
43 100 162
36 94 141
40 90 145
17 102 125
10 92 117
48 103 157
33 97 131
3 99 110
24 104 135
31 97 136
22 92 125
28 98 130
6 93 110
42 96 141
11 98 127
39 103 152
16 97 126
48 95 155
7 100 127
16 106 124
47 106 160
5 102 118
23 99 130
13 103 130
26 102 148
31 103 152
11 101 132
30 97 145
25 99 139
35 98 147
48 103 168
7 105 114
29 108 149
3 98 104
42 107 159
33 101 140
18 102 134
41 109 156
44 99 156
9 104 116
29 106 154
21 100 137
31 101 145
30 110 150
2 112 116
28 106 154
7 107 130
8 102 123
37 112 158
14 114 134
11 103 119
10 105 121
46 104 160
21 112 150
18 109 132
47 110 171
45 104 156
20 113 144
4 105 113
2 110 130
6 105 128
5 106 119
48 112 169
28 110 140
10 111 132
36 112 154
8 112 122
24 108 146
34 113 149
24 117 158
42 114 166
18 108 135
36 120 159
29 116 159
50 108 167
50 120 171
36 110 153
31 116 160
26 113 153
44 111 161
50 112 172
17 115 142
17 117 138
42 119 167
45 114 170
8 113 137
1 116 125
40 117 167
10 123 148

