350
36 1430 1469
41 673 717
11 1176 1187
11 1430 1443
41 1076 1119
32 1153 1191
49 1412 1468
22 287 311
32 532 570
27 266 298
20 546 568
31 141 175
48 1371 1428
13 697 710
32 1326 1363
1 988 989
45 205 259
25 1050 1077
23 414 441
47 267 315
26 1011 1041
22 1222 1247
26 309 339
40 995 1043
4 1069 1073
21 1207 1229
41 910 958
16 947 963
1 1331 1332
3 236 239
36 42 84
34 1122 1163
28 301 329
4 744 748
47 164 216
48 617 676
47 50 102
24 173 200
21 298 319
29 625 661
47 696 743
41 123 171
6 609 616
35 1284 1324
12 1096 1108
12 554 567
29 68 100
34 160 195
18 349 371
9 394 404
38 1457 1502
8 211 219
21 172 193
42 1259 1301
2 361 363
43 351 398
23 244 271
26 1484 1512
23 385 410
47 687 744
37 1392 1430
21 1406 1432
42 129 177
4 1234 1238
25 1107 1133
24 968 997
48 732 791
27 1067 1094
37 341 387
21 1037 1063
34 718 757
9 147 158
44 910 957
15 45 60
40 561 604
29 25 56
9 1444 1454
25 1440 1471
43 291 336
3 1016 1019
46 623 673
36 605 644
31 475 511
15 914 929
29 994 1026
43 1113 1159
39 230 271
37 344 388
14 261 277
35 491 534
35 1213 1256
30 571 605
38 106 153
50 1439 1498
31 1320 1353
29 1381 1412
26 1485 1514
44 412 461
26 259 286
34 650 686
42 1367 1419
38 884 929
6 1464 1470
43 135 185
19 1158 1177
26 177 205
19 1050 1070
11 260 271
23 1211 1237
21 116 138
22 142 167
37 230 267
36 1287 1325
28 681 715
1 978 979
39 756 799
18 1471 1489
43 436 487
50 920 979
33 426 466
13 1055 1071
4 633 637
3 936 939
7 1197 1204
3 1207 1210
16 293 311
22 1020 1043
3 87 90
8 863 872
46 1121 1173
16 76 94
26 443 474
2 1400 1402
46 1079 1135
44 302 348
41 1178 1224
25 1014 1041
12 348 361
24 326 353
41 1368 1418
10 209 221
5 1239 1245
34 799 837
25 394 420
15 759 777
22 247 274
46 524 579
17 624 641
6 113 120
49 56 106
5 325 330
20 1070 1092
1 1168 1169
22 188 211
49 1462 1516
9 1402 1413
32 72 104
40 1359 1404
3 1296 1299
41 1448 1497
47 1035 1088
22 597 619
12 1334 1348
19 628 648
25 704 730
27 526 556
33 1410 1444
5 504 510
2 448 450
23 489 517
44 297 349
31 735 769
38 790 833
19 1386 1405
47 392 446
34 462 499
18 779 799
15 220 235
32 1252 1286
26 609 635
38 1158 1201
48 760 810
29 1297 1333
40 1158 1206
43 422 465
5 239 244
19 524 547
44 167 219
17 861 878
40 1469 1515
4 362 366
25 935 961
24 1471 1499
21 154 177
24 812 840
35 639 681
1 798 799
15 218 233
6 1305 1312
39 913 961
9 1164 1175
17 1074 1093
36 554 595
44 906 951
17 1429 1447
28 597 628
4 941 945
10 1153 1164
49 1175 1225
4 553 557
25 1063 1090
42 343 388
28 200 233
11 1480 1491
11 218 231
26 1427 1454
41 829 875
5 1043 1049
40 1464 1504
22 529 556
22 944 966
46 559 615
40 746 793
47 1483 1533
38 1265 1309
5 1453 1459
27 685 717
46 383 438
14 575 589
20 56 77
16 181 200
45 1145 1194
3 453 456
2 1060 1062
23 1306 1332
11 530 543
18 1024 1042
19 1350 1373
6 786 792
10 936 948
45 597 647
25 914 945
25 1266 1291
14 55 71
43 732 783
19 674 694
13 96 109
9 77 87
12 1390 1402
45 1175 1222
50 1291 1349
40 223 266
50 1446 1499
35 1072 1111
39 96 141
17 774 793
8 1081 1089
50 1387 1444
48 1070 1122
6 363 370
34 899 933
42 439 482
50 112 166
22 565 589
6 846 852
27 581 614
35 1343 1381
40 1093 1133
9 1462 1473
6 1224 1230
49 1306 1364
30 35 65
23 1385 1412
25 503 531
4 1058 1062
30 1313 1345
12 644 656
19 620 640
14 1282 1299
50 1000 1054
12 1318 1330
46 705 757
38 791 834
12 120 133
11 319 331
49 1077 1126
36 850 886
29 1320 1352
6 890 896
20 471 491
13 664 678
23 370 395
10 240 250
43 1251 1297
41 1478 1522
44 214 260
39 442 482
43 418 462
11 983 996
44 1205 1258
3 542 545
20 1458 1481
11 1132 1145
6 1151 1158
40 1294 1341
38 1121 1167
2 345 347
13 910 923
2 595 597
8 364 373
23 494 519
19 1196 1217
7 644 651
36 994 1033
12 985 998
29 89 121
19 687 710
6 1223 1230
22 1163 1189
10 536 547
24 61 88
19 982 1003
11 631 642
13 911 925
44 478 528
4 31 35
25 667 694
38 1173 1218
35 516 555
39 1396 1435
37 1399 1436
22 368 393
44 1277 1321
5 539 545
18 172 194
30 335 369
1 521 522
41 1039 1090
13 1063 1077
37 1036 1076
47 651 703
3 786 789
13 663 676
47 303 351
48 617 666
36 608 650
47 140 188
1 1129 1130
14 1370 1384
9 286 296
