300
58 2819 2885
93 3559 3665
46 56 106
27 784 814
8 4963 4972
36 3409 3449
33 4438 4474
100 5118 5241
51 2466 2524
55 1901 1964
65 1830 1905
18 2624 2645
81 2819 2912
86 438 533
59 520 585
96 1333 1449
57 4210 4277
23 1120 1147
88 4848 4947
66 3886 3961
12 789 802
16 1647 1666
82 3938 4039
87 3228 3324
6 2009 2015
18 408 427
51 4382 4442
65 2705 2776
6 5163 5169
53 4467 4529
46 5150 5200
72 1958 2045
61 3902 3976
96 2847 2955
2 4594 4596
26 5341 5369
17 3185 3203
79 1272 1361
22 879 904
53 272 334
45 4373 4428
94 3892 4003
86 306 400
58 5088 5152
8 373 381
87 15 110
52 2374 2431
5 1923 1928
82 3500 3596
55 1148 1214
54 2381 2442
66 1529 1604
11 2754 2766
48 3177 3235
11 1884 1896
100 4838 4953
7 4502 4509
71 4359 4446
35 1841 1882
20 3942 3965
69 5127 5205
53 987 1050
21 5349 5374
96 4102 4214
1 3756 3757
30 3724 3759
48 1852 1905
77 636 725
54 3638 3699
13 522 536
86 2643 2739
57 4595 4665
3 1417 1420
23 997 1022
81 1646 1739
50 4066 4127
91 4308 4415
87 4872 4968
74 881 968
78 2147 2238
76 681 765
46 371 422
24 2609 2636
56 311 377
46 814 866
74 1770 1851
36 3584 3626
43 862 913
72 2624 2706
98 2347 2459
74 4270 4357
85 958 1055
46 2150 2205
21 4598 4623
11 1676 1688
45 1624 1673
19 5100 5121
39 266 310
66 589 667
32 2282 2317
28 2967 2999
85 110 215
4 169 173
98 1234 1344
85 2205 2299
54 3389 3455
69 842 917
42 4068 4117
97 5039 5156
71 4368 4452
68 2184 2261
99 1701 1811
8 229 237
20 345 367
67 2728 2808
92 3576 3688
67 4664 4741
10 4530 4541
82 3068 3160
20 1646 1669
99 3096 3213
37 2005 2046
99 2085 2199
19 5031 5053
57 4393 4459
8 2458 2466
71 4558 4643
47 3301 3353
17 1342 1362
21 4989 5014
91 3700 3801
19 4011 4032
39 2555 2601
10 120 131
30 971 1006
29 5287 5321
4 2334 2338
29 608 642
99 4947 5057
96 4106 4220
69 1717 1793
82 1580 1681
32 1759 1795
62 5416 5485
37 4413 4456
44 5308 5360
36 1603 1645
44 5255 5306
18 4699 4720
44 3840 3892
60 2143 2210
50 4052 4109
1 2902 2903
40 5126 5174
76 3395 3487
95 1918 2023
96 663 772
48 2555 2611
79 4532 4626
14 1654 1669
62 4275 4351
49 4993 5050
40 2960 3005
5 2269 2274
93 1009 1120
14 5051 5066
74 2317 2399
80 1247 1336
92 2121 2222
37 2489 2532
10 1841 1852
87 2691 2786
22 1171 1197
96 3060 3165
56 244 308
61 3302 3370
78 2362 2453
16 4394 4412
86 1483 1578
36 4016 4056
63 1741 1810
43 2711 2763
2 4775 4777
27 3720 3752
3 350 353
58 831 901
44 1557 1610
81 4598 4692
62 2194 2270
92 2135 2245
43 3929 3978
45 4715 4769
31 322 359
30 3993 4029
4 1892 1896
50 4608 4664
72 1438 1519
3 1433 1436
85 4411 4510
20 662 684
18 977 997
53 5081 5144
37 1470 1514
94 4522 4635
74 3654 3738
51 489 547
44 4034 4082
22 2835 2861
96 876 992
56 4873 4934
59 2420 2491
73 3335 3418
63 2706 2783
100 3064 3175
47 2473 2527
50 3594 3655
8 4319 4327
79 2711 2798
99 2609 2719
62 2661 2731
83 5302 5393
46 1262 1312
18 3500 3520
13 2767 2781
52 3740 3799
74 798 879
46 3473 3523
76 3189 3276
46 5348 5402
80 1076 1168
90 1160 1268
83 1408 1500
32 3646 3682
51 3034 3092
62 3041 3112
14 2292 2308
83 1342 1440
44 501 551
63 2967 3041
17 3711 3729
90 2113 2216
19 2092 2112
38 2124 2168
16 1226 1245
83 4188 4280
78 748 843
22 5282 5306
52 363 421
19 4129 4149
92 1857 1963
41 5071 5116
71 3495 3575
77 5090 5175
59 4490 4554
51 5210 5267
48 4631 4686
2 5009 5011
45 5328 5382
5 2023 2028
25 4032 4059
75 5414 5504
4 3320 3324
21 1415 1439
74 86 168
63 2986 3062
39 3605 3649
59 1400 1466
31 380 415
97 3883 3990
80 852 942
51 4123 4180
64 4250 4326
21 1332 1357
79 5157 5252
83 743 836
55 4589 4653
58 1925 1990
54 2296 2355
23 2790 2815
34 160 198
6 768 774
69 2562 2637
81 2702 2795
38 690 734
79 670 764
27 749 779
47 39 93
73 1760 1848
74 176 257
73 1170 1255
55 3246 3307
73 5378 5461
30 151 184
22 510 534
36 4556 4600
42 4063 4112
32 355 393
53 500 558
16 3966 3985
84 604 706
