450
43 1155 1211
83 686 783
25 664 701
99 1646 1745
136 545 698
51 2432 2489
132 298 440
142 1911 2060
138 1381 1528
21 1335 1370
73 46 124
128 1790 1930
90 624 722
129 395 536
97 110 219
72 219 291
55 1464 1531
116 2150 2269
70 1539 1613
87 134 227
83 407 493
27 1147 1179
89 1157 1258
112 1898 2022
54 920 984
67 648 720
48 1811 1864
102 2365 2476
148 819 984
34 1782 1816
144 252 404
97 293 390
68 1447 1520
112 2001 2113
106 2249 2370
84 1658 1746
135 813 948
97 390 503
53 2072 2126
143 1499 1643
119 900 1034
123 2445 2569
97 831 941
125 5 130
127 564 694
100 95 204
34 2477 2512
136 317 457
36 1768 1805
39 818 860
95 1910 2014
42 447 489
127 584 723
56 625 685
130 819 962
36 8 53
144 2024 2183
63 1261 1328
65 725 794
89 2391 2490
22 621 657
49 428 479
144 1091 1238
124 2094 2222
27 1082 1117
125 2248 2378
79 342 421
127 1118 1248
43 641 697
32 946 991
86 1900 1996
107 1073 1183
83 78 165
76 40 119
118 1728 1862
110 456 575
80 315 396
113 1151 1276
134 1333 1479
103 825 932
52 665 726
62 1493 1556
85 596 698
128 1 138
89 2367 2469
121 2300 2424
120 2203 2329
32 821 871
131 1181 1323
90 2240 2334
90 2129 2226
92 2047 2151
52 2159 2213
113 2175 2289
141 878 1026
89 471 575
129 1353 1483
122 1232 1357
118 1417 1538
22 810 835
41 2247 2295
57 1359 1432
113 2171 2286
24 822 852
103 1413 1522
137 836 982
109 369 492
71 544 616
88 1391 1486
40 363 415
106 2187 2299
59 872 931
1 2422 2431
51 1618 1673
78 1541 1627
111 723 838
56 1632 1696
110 2366 2481
114 538 657
35 1128 1168
55 2076 2140
55 1434 1492
25 1729 1755
66 2425 2491
145 1342 1499
103 1551 1665
92 2427 2528
144 626 770
74 523 610
119 2477 2603
85 2038 2134
48 628 692
131 2446 2588
107 440 550
144 1655 1805
132 2005 2140
81 49 138
145 753 904
99 873 972
81 964 1051
45 1614 1664
101 2237 2348
32 831 871
68 457 528
94 1610 1704
111 2010 2130
134 973 1107
58 1334 1397
33 919 954
90 103 202
77 1191 1281
51 1659 1710
125 117 247
114 769 886
87 2232 2326
82 729 817
146 1522 1674
125 312 438
61 1185 1250
30 195 227
81 2420 2502
108 1052 1170
83 404 495
139 1183 1332
136 1030 1180
59 2061 2121
59 499 566
149 1553 1710
56 2457 2529
95 2031 2131
50 674 725
60 879 952
31 1493 1532
52 2069 2133
139 2008 2158
104 2333 2450
43 603 649
106 1272 1386
121 815 952
54 1827 1889
118 578 704
53 1092 1152
131 2201 2338
133 420 553
61 1285 1356
53 379 442
73 510 594
36 1677 1713
39 703 744
82 926 1016
136 482 628
106 2231 2339
104 2062 2173
89 677 769
149 1038 1189
87 562 650
37 1833 1878
42 2142 2196
82 1921 2009
55 2043 2109
71 1510 1585
135 1915 2053
22 1371 1400
87 1383 1481
60 1923 1988
36 312 355
40 165 220
92 543 644
124 1255 1386
133 2393 2532
59 125 197
59 250 316
23 1992 2017
27 1852 1883
61 2112 2177
48 1327 1386
127 1346 1480
99 2478 2577
97 2393 2496
102 651 765
136 1550 1690
42 1317 1372
129 849 979
124 1531 1657
83 1548 1645
425 938 1366
109 525 634
93 186 279
106 55 163
92 2257 2361
52 1169 1235
71 2382 2453
86 647 741
20 832 855
44 1779 1828
86 1668 1759
132 1897 2031
133 138 279
51 32 87
63 1329 1409
92 2476 2574
45 402 455
33 2324 2359
130 224 354
61 917 979
56 965 1028
42 1769 1813
96 977 1074
103 2324 2432
96 1027 1134
47 2137 2197
121 273 394
110 1497 1609
88 2311 2404
94 1778 1877
130 1579 1711
68 1687 1764
49 2255 2318
25 764 795
47 581 643
128 1566 1704
116 1303 1430
80 1209 1289
98 354 460
60 1518 1585
73 1250 1332
66 496 564
58 907 969
35 193 234
86 2399 2486
45 1329 1380
77 2131 2222
146 1780 1929
83 717 806
26 172 201
72 600 679
88 627 723
26 1203 1230
130 1429 1565
92 1321 1418
102 1211 1316
33 2043 2081
140 356 504
29 1523 1553
64 119 185
81 895 977
110 884 1002
148 831 979
76 1548 1626
63 200 275
38 2475 2520
102 2137 2248
128 1869 1997
23 1945 1969
85 2257 2342
126 1173 1303
114 1687 1808
85 1969 2067
89 1200 1294
138 2162 2309
139 469 612
133 862 1001
80 783 872
36 2420 2465
71 2192 2263
120 5 133
124 987 1116
46 780 838
81 2138 2225
41 1178 1229
61 951 1016
62 483 550
68 825 907
82 1938 2033
95 1865 1962
114 2018 2136
125 946 1072
71 2181 2255
54 234 302
129 622 763
112 366 484
68 2159 2239
132 1853 1999
122 2488 2610
68 2418 2490
92 1686 1785
99 262 372
143 2330 2477
148 955 1106
50 1494 1561
108 1408 1520
23 1152 1181
86 2 89
141 1762 1911
103 852 960
118 349 468
102 1259 1370
505 431 953
124 2453 2581
107 177 297
93 2328 2428
106 1617 1727
84 1193 1284
86 1955 2043
54 369 433
21 1137 1165
125 1362 1490
53 1108 1169
65 2334 2402
77 824 901
120 2235 2367
20 1726 1747
62 483 560
51 767 820
110 202 323
46 2058 2114
90 18 120
20 1630 1656
108 591 705
118 1855 1977
128 2077 2206
41 1300 1349
131 1463 1598
48 2160 2213
51 1845 1911
82 471 567
57 520 584
126 1038 1171
76 1511 1594
129 1927 2056
126 220 358
32 517 554
21 952 975
114 329 445
110 911 1027
42 378 430
48 1279 1331
132 2249 2390
98 397 507
120 1581 1710
93 164 267
59 1761 1829
53 507 560
85 43 144
48 1885 1947
50 1434 1489
66 707 773
122 1890 2020
125 289 423
115 81 197
32 1290 1332
118 607 729
143 1890 2035
25 597 626
129 595 726
72 1028 1105
125 153 294
55 1527 1590
55 109 176
121 2393 2515
113 617 730
148 324 476
126 2092 2220
86 407 494
100 603 707
108 1717 1836
148 773 928
98 153 260
90 2351 2441
88 2318 2416
147 779 934
108 263 384
72 1232 1304
138 1504 1646
45 1690 1741
89 315 412
138 793 938
65 1420 1488
20 275 309
20 410 440
36 2258 2304
85 1124 1226
21 749 784
111 1430 1544
116 637 762
28 2108 2143
38 1122 1168
145 355 512
135 2229 2369
58 2377 2436
67 225 294
142 2246 2399
97 2139 2242
126 499 633
26 964 990
94 2335 2433
82 2164 2258
116 100 230
135 1934 2081
89 167 260
51 661 714
118 553 672
51 2033 2091
57 465 528
117 1797 1914
74 1027 1104
65 1869 1949
25 385 416
130 1401 1531
457 280 742
