250
47 842 892
30 644 681
15 781 798
14 428 443
8 1047 1056
34 793 830
24 944 969
7 50 57
12 524 538
19 436 456
37 91 134
45 259 305
27 1032 1062
41 268 318
1 544 545
19 807 829
35 274 309
9 739 748
9 833 844
44 382 427
13 980 994
16 568 585
41 288 337
41 144 193
46 712 765
25 132 160
47 920 975
49 725 775
10 601 612
16 757 774
20 701 724
21 591 613
25 750 781
7 591 598
2 932 934
14 278 292
34 731 770
11 990 1002
19 295 315
9 120 131
47 529 582
15 441 457
9 516 525
16 1045 1062
28 852 882
13 994 1010
2 970 972
19 675 694
40 184 231
6 36 42
5 348 354
1 222 223
47 798 850
33 120 159
46 387 441
13 695 708
10 142 153
22 149 172
34 596 637
27 513 541
38 48 90
42 230 279
42 581 629
13 333 346
18 407 429
27 481 509
17 591 610
30 993 1030
47 696 745
20 365 388
10 422 432
12 955 967
17 80 97
3 443 446
27 988 1020
8 96 105
20 145 165
30 225 262
37 158 196
28 954 985
24 456 481
48 59 117
46 130 181
37 215 255
7 290 297
21 64 85
4 828 832
22 1057 1080
28 641 670
18 527 548
48 822 872
30 613 650
46 629 685
46 254 311
14 707 724
37 498 544
40 331 371
6 500 506
50 42 97
50 428 483
37 610 653
37 822 863
11 567 580
8 538 546
7 186 194
30 164 196
14 860 874
13 589 602
34 905 941
3 627 630
28 962 991
22 183 208
18 574 596
26 562 594
13 673 689
31 1035 1068
29 423 459
6 770 777
16 514 530
23 75 103
7 150 158
8 636 645
15 752 767
44 271 321
22 812 835
10 3 15
20 45 69
1 511 512
33 475 509
30 109 144
33 955 992
49 404 458
50 90 140
11 360 371
15 744 759
14 710 727
16 126 143
5 65 70
3 125 128
38 537 576
21 727 751
16 245 262
8 495 503
45 220 276
45 186 239
31 757 794
3 403 406
12 301 315
11 579 592
23 982 1006
37 255 297
45 833 885
34 1040 1078
40 136 178
29 444 480
29 226 262
17 460 479
45 745 791
19 210 231
32 113 150
26 743 772
7 175 183
17 4 22
3 1009 1012
16 278 295
29 685 720
4 683 687
48 125 178
43 900 948
23 539 565
13 40 56
40 286 330
34 482 518
48 238 288
25 292 320
34 604 641
44 846 896
27 583 613
18 599 619
3 279 282
22 940 964
41 845 896
44 559 613
42 971 1015
31 136 170
7 487 495
1 198 199
5 615 621
2 760 762
21 456 481
43 650 695
47 546 597
36 733 773
29 860 889
23 53 81
19 982 1003
3 244 247
37 43 80
2 351 353
40 816 856
22 478 500
15 1036 1052
1 717 718
5 436 442
19 463 483
12 692 705
42 716 766
4 389 393
31 115 150
6 951 957
2 985 987
20 157 178
48 169 217
29 382 412
41 1022 1072
17 396 416
35 853 894
39 1016 1055
15 378 393
45 729 784
37 940 984
22 49 73
43 1025 1071
1 308 309
23 263 287
28 275 305
20 279 302
49 442 492
26 273 305
42 117 167
14 51 66
11 900 912
24 401 430
17 522 541
16 722 740
10 342 354
39 792 831
34 547 584
7 812 819
35 980 1022
26 17 48
25 788 814
2 262 264
42 76 127
25 46 76
17 691 711
29 340 376
14 51 66
35 633 672
3 80 83
