500
9 8760 8770
55 7556 7622
24 2329 2355
90 54 161
95 8061 8168
76 2171 2265
88 1635 1735
75 822 911
7 4400 4407
53 1370 1432
25 439 468
75 529 618
24 5033 5061
27 1334 1364
21 6942 6967
42 7488 7534
95 196 303
73 1042 1130
59 7099 7165
13 4115 4129
67 3717 3797
68 2526 2602
64 2206 2284
23 8859 8884
73 821 903
68 4365 4446
40 5837 5882
50 5612 5669
56 4855 4916
21 2986 3010
80 8055 8150
2 8296 8298
89 4171 4269
19 8970 8992
59 1886 1952
14 8391 8406
89 389 496
61 1893 1962
10 2957 2968
74 4582 4671
30 6359 6392
85 2764 2863
54 4304 4363
96 4631 4747
8 6094 6103
98 2480 2597
21 8766 8791
96 4760 4876
20 8169 8192
100 7430 7541
90 7924 8023
32 8058 8096
34 3024 3062
46 6254 6309
78 642 730
22 318 344
45 5564 5617
43 8895 8946
48 3084 3138
21 4467 4491
46 5833 5884
23 2596 2622
25 387 414
46 2643 2694
83 2556 2652
84 3947 4051
88 259 360
27 8356 8387
5 2092 2097
41 1882 1928
63 3971 4045
80 6399 6491
21 6829 6853
97 768 879
99 8108 8226
88 4164 4267
73 8049 8133
78 4670 4762
69 6953 7032
27 6947 6976
57 9073 9138
79 5345 5438
63 8309 8378
81 6287 6378
79 6492 6581
39 5192 5238
87 1506 1604
17 8736 8756
82 4911 5012
97 6671 6784
76 1290 1384
49 3419 3476
40 9242 9291
44 1153 1205
74 8170 8253
69 8617 8700
8 7245 7253
96 2276 2395
56 764 825
99 4289 4407
49 8408 8467
38 6187 6231
14 1662 1678
5 3273 3278
3 4748 4751
46 1083 1138
19 6647 6667
85 9057 9150
50 688 743
13 6135 6150
63 8724 8793
21 3315 3339
36 3468 3511
6 408 414
74 222 313
57 8339 8405
64 4469 4539
48 5426 5480
93 2537 2650
18 3419 3439
88 5274 5377
67 788 864
53 1278 1336
71 887 970
96 1239 1347
16 8556 8573
17 3647 3666
54 6989 7054
83 4728 4821
59 1934 2001
69 5482 5560
30 5328 5363
10 5988 5999
44 3106 3158
84 6448 6548
35 7190 7229
32 6225 6261
85 3868 3966
46 9343 9393
28 2852 2883
79 6150 6242
12 8732 8746
37 316 361
37 862 907
28 2731 2764
91 7279 7379
98 5461 5582
98 7249 7360
10 9035 9046
98 6615 6729
19 7315 7336
93 7684 7792
34 4118 4158
76 3656 3740
43 659 708
91 7695 7801
30 8584 8620
86 7235 7329
87 3330 3434
14 4939 4955
56 5092 5156
12 3577 3591
21 8531 8556
97 6592 6708
50 4915 4970
14 4086 4101
16 2857 2876
56 4493 4556
37 6734 6776
72 3555 3638
74 4182 4273
94 8663 8779
21 8835 8858
6 1277 1283
69 1558 1640
3 8641 8644
3 9354 9357
5 8992 8997
22 383 409
63 5040 5115
25 8671 8700
20 5327 5351
18 8542 8562
54 1777 1836
29 4395 4428
3 3090 3093
53 3479 3537
88 3347 3450
14 3883 3898
53 9225 9288
95 5432 5536
10 5253 5264
93 2016 2121
28 4456 4488
64 7917 7987
26 1806 1837
65 8883 8960
90 4523 4632
48 4052 4111
79 320 413
69 866 941
84 1558 1658
56 3715 3776
33 7901 7941
50 5119 5176
97 267 382
68 8540 8624
40 1357 1406
88 972 1078
56 6747 6814
34 8190 8230
99 2518 2632
13 3239 3254
95 8667 8781
10 5982 5993
42 1041 1089
37 3773 3815
31 5020 5056
1 8460 8461
37 3776 3816
96 3565 3678
29 8034 8067
49 75 132
50 8571 8626
99 4789 4906
88 6365 6470
91 2533 2637
26 6760 6789
46 7083 7138
17 2654 2674
50 1185 1240
94 2248 2364
74 2858 2945
70 1896 1978
34 3514 3553
41 8954 9000
92 3441 3549
94 2891 2997
48 8733 8791
36 3977 4020
37 5550 5595
17 1924 1942
25 8405 8433
79 1450 1536
67 6276 6351
5 7508 7513
64 6085 6160
100 357 470
32 3358 3397
76 1160 1247
50 3621 3678
68 6215 6299
10 6297 6308
27 2774 2805
95 353 463
46 3508 3564
65 2910 2986
34 2805 2843
1 8645 8646
14 704 720
51 4214 4271
10 7988 7999
86 7399 7503
45 4908 4962
8 4845 4853
78 8605 8690
75 6720 6802
44 3481 3530
27 2103 2133
52 3194 3254
97 1431 1543
54 175 235
93 8031 8145
36 8043 8082
33 1996 2035
79 3112 3199
77 7601 7688
70 8958 9037
65 5079 5155
24 1243 1272
36 9224 9265
76 1864 1958
39 4953 4996
22 1863 1887
80 1451 1540
29 144 178
81 8322 8419
55 6601 6661
69 1192 1273
3 2704 2707
5 8718 8723
94 6024 6137
37 6783 6827
81 2207 2301
47 608 659
99 6163 6281
85 1418 1516
9 3809 3819
20 2255 2277
12 6526 6540
87 6442 6544
61 9081 9149
16 7345 7364
18 2280 2299
71 5288 5375
61 1060 1135
70 2155 2234
65 8959 9035
8 7492 7500
44 2436 2489
8 873 882
3 2116 2119
73 4159 4242
9 4565 4574
62 2622 2698
36 7219 7258
48 8743 8801
91 2033 2137
44 4056 4107
48 8770 8822
62 5102 5170
80 8304 8393
56 167 234
86 4468 4573
18 4700 4721
88 8566 8672
30 7281 7317
97 4076 4196
85 3202 3307
90 6274 6379
78 1944 2038
46 7928 7982
80 1644 1732
58 9208 9275
57 115 182
88 1411 1510
65 5119 5192
99 1848 1970
93 8109 8212
10 55 66
88 7814 7917
81 8724 8818
72 739 818
66 2954 3035
1 3059 3060
33 196 234
42 8076 8124
74 7709 7798
28 2491 2522
52 8862 8926
36 7145 7184
82 8534 8634
91 6310 6418
43 2006 2056
54 7108 7170
22 681 705
88 8801 8910
55 6010 6075
39 8274 8318
40 4624 4668
100 6631 6741
72 1342 1429
15 5363 5380
35 3825 3863
20 3833 3856
7 6725 6732
20 1509 1531
44 8802 8855
89 6142 6239
94 7351 7460
87 7467 7572
43 2060 2112
55 1941 2007
61 5159 5234
52 7697 7755
4 7973 7977
29 7696 7730
91 2712 2821
43 8105 8153
56 3157 3218
78 2218 2304
19 1285 1305
57 6896 6962
95 702 818
68 286 368
20 9268 9292
70 5677 5754
65 3464 3544
19 7360 7380
26 4932 4963
80 1053 1147
8 2475 2483
54 5770 5835
97 6853 6964
29 6761 6792
32 9023 9060
56 6425 6492
84 1856 1956
9 5930 5940
83 1302 1401
26 6663 6693
63 8082 8151
47 1792 1849
97 2547 2664
37 3846 3888
57 9125 9192
76 6109 6198
71 8425 8510
77 8118 8212
43 6356 6408
1 7421 7422
40 1946 1995
49 8000 8057
73 1645 1734
96 8073 8188
64 2865 2943
51 1222 1283
71 715 797
41 6135 6181
7 360 367
45 5333 5388
83 9113 9208
13 1952 1966
11 7752 7764
74 8209 8295
27 7516 7547
4 2339 2343
58 8387 8450
53 3885 3943
23 1435 1462
3 7637 7640
55 8454 8519
55 432 492
60 4359 4432
90 4443 4547
33 626 665
60 8152 8218
71 3062 3148
94 6771 6885
87 6018 6119
22 6415 6439
53 8976 9037
37 8455 8498
68 5706 5789
12 8878 8891
36 717 759
13 985 999
77 7611 7696
93 633 738
58 3032 3095
63 8463 8532
5 6203 6208
78 3849 3936
85 8025 8120
97 8605 8712
56 2769 2835
78 3475 3568
93 9352 9464
18 4528 4548
37 7561 7603
17 4753 4772
97 8108 8220
47 3104 3157
28 4712 4744
89 2258 2357
62 7082 7154
71 4831 4914
65 5475 5552
73 3557 3642
9 9129 9139
36 6803 6844
87 9091 9197
65 7167 7243
100 2547 2663
99 3383 3491
57 6062 6128
72 4296 4384
12 5499 5512
7 1419 1426
45 1282 1337
58 6486 6552
52 8973 9035
43 2971 3023
54 572 637
32 782 818
52 3700 3764
61 5108 5175
99 6941 7050
89 5713 5823
5 6100 6105
57 1436 1498
69 1414 1491
41 5171 5217
13 9379 9394
47 9027 9079
12 4848 4861
18 3306 3327
94 150 258
77 4263 4349
65 5234 5314
