100
8 101 110
25 216 244
25 412 443
14 157 171
46 105 161
31 368 405
34 181 218
45 69 115
41 120 170
40 79 122
11 145 157
47 67 115
31 273 308
33 36 76
37 88 130
37 178 218
15 155 173
11 227 240
41 104 145
40 289 331
32 301 339
25 20 45
34 421 455
39 2 43
10 7 18
29 69 105
32 28 66
27 215 247
31 1 38
32 50 89
3 342 345
20 12 33
1 100 101
25 31 59
13 213 227
28 10 41
21 99 120
6 68 75
19 43 63
49 377 426
11 16 29
9 312 321
13 340 356
49 241 302
40 65 114
22 115 137
24 19 48
15 90 108
42 394 443
18 9 31
9 16 26
6 111 117
28 31 64
8 127 135
27 188 219
8 135 143
32 394 432
10 212 224
4 394 398
50 147 207
28 386 419
4 335 339
29 290 326
48 373 423
12 128 142
38 324 369
11 286 298
32 309 341
5 416 422
26 19 47
11 240 253
49 256 310
23 198 224
7 245 253
6 281 287
32 407 440
6 133 139
3 327 330
10 390 400
35 409 451
50 31 89
28 318 348
24 117 145
18 130 149
6 35 41
49 220 269
3 196 199
18 171 192
9 66 77
3 324 327
11 323 335
43 62 110
50 238 299
37 70 113
25 316 341
44 398 449
29 95 127
6 271 278
40 274 320
46 164 217
