100
50 8 66
11 4 23
20 0 29
40 0 57
28 9 49
14 6 30
12 13 29
32 8 42
7 10 30
38 10 66
26 2 47
30 4 52
43 15 67
25 13 45
44 12 69
38 8 58
47 9 76
36 11 64
24 5 46
2 13 25
26 9 37
13 17 45
31 13 50
23 6 33
39 11 68
30 12 54
9 7 35
38 12 70
32 13 48
43 17 77
39 13 71
36 15 56
49 12 71
31 18 59
3 10 14
27 16 61
35 16 58
50 16 75
12 15 39
43 13 60
17 16 45
7 15 29
49 19 79
19 14 51
42 14 76
10 16 27
34 21 67
50 22 91
13 18 45
13 14 46
20 22 57
1 12 16
31 21 63
22 16 51
5 13 38
10 24 35
9 23 48
12 25 42
16 14 37
19 21 53
18 20 44
15 23 43
43 21 65
30 18 58
12 27 45
35 23 70
34 25 66
20 26 50
44 27 85
11 22 47
26 29 70
33 27 72
4 24 30
26 18 46
37 21 63
2 27 43
35 23 62
25 24 61
2 27 37
43 20 75
14 24 55
4 29 35
24 23 65
23 24 64
12 32 54
48 25 78
35 28 81
37 24 78
12 31 49
46 26 90
47 33 83
12 34 55
49 27 81
44 26 74
27 34 76
4 35 45
43 33 77
43 35 84
21 27 65
39 31 86

