500
3 495 498
1 495 498
2 495 498
7 495 502
2 495 502
5 495 502
8 189 197
3 189 197
5 189 197
3 189 192
1 189 192
2 189 192
8 76 84
5 76 84
3 76 84
4 76 80
1 76 80
3 76 80
5 325 330
2 325 330
3 325 330
3 325 328
1 325 328
2 325 328
6 199 205
1 199 205
5 199 205
6 199 205
1 199 205
5 199 205
4 118 122
1 118 122
3 118 122
7 118 125
4 118 125
3 118 125
8 248 256
2 248 256
6 248 256
6 248 254
1 248 254
5 248 254
5 357 362
2 357 362
3 357 362
4 357 361
2 357 361
2 357 361
8 342 350
5 342 350
3 342 350
5 342 347
3 342 347
2 342 347
6 45 51
1 45 51
5 45 51
8 45 53
2 45 53
6 45 53
8 166 174
1 166 174
7 166 174
5 166 171
3 166 171
2 166 171
2 239 241
1 239 241
1 239 241
7 239 246
5 239 246
2 239 246
4 29 33
2 29 33
2 29 33
5 29 34
3 29 34
2 29 34
6 182 188
1 182 188
5 182 188
2 182 184
1 182 184
1 182 184
9 88 97
2 88 97
7 88 97
5 88 93
3 88 93
2 88 93
8 277 285
5 277 285
3 277 285
7 277 284
5 277 284
2 277 284
4 358 362
2 358 362
2 358 362
5 358 363
2 358 363
3 358 363
7 327 334
4 327 334
3 327 334
8 327 335
5 327 335
3 327 335
2 342 344
1 342 344
1 342 344
5 342 347
3 342 347
2 342 347
3 170 173
1 170 173
2 170 173
6 170 176
3 170 176
3 170 176
4 247 251
2 247 251
2 247 251
4 247 251
1 247 251
3 247 251
7 179 186
4 179 186
3 179 186
7 179 186
2 179 186
5 179 186
4 337 341
2 337 341
2 337 341
7 337 344
2 337 344
5 337 344
7 393 400
2 393 400
5 393 400
2 393 395
1 393 395
1 393 395
8 325 333
3 325 333
5 325 333
5 325 330
3 325 330
2 325 330
3 86 89
1 86 89
2 86 89
8 86 94
3 86 94
5 86 94
6 204 210
1 204 210
5 204 210
3 204 207
1 204 207
2 204 207
4 185 189
1 185 189
3 185 189
4 185 189
1 185 189
3 185 189
2 2 4
1 2 4
1 2 4
6 2 8
1 2 8
5 2 8
3 195 198
1 195 198
2 195 198
3 195 198
1 195 198
2 195 198
8 328 336
2 328 336
6 328 336
5 328 333
3 328 333
2 328 333
9 340 349
4 340 349
5 340 349
5 340 345
3 340 345
2 340 345
8 104 112
6 104 112
2 104 112
3 104 107
1 104 107
2 104 107
3 59 62
1 59 62
2 59 62
3 59 62
1 59 62
2 59 62
4 229 233
2 229 233
2 229 233
9 229 238
2 229 238
7 229 238
7 281 288
5 281 288
2 281 288
5 281 286
2 281 286
3 281 286
9 478 487
5 478 487
4 478 487
9 478 487
6 478 487
3 478 487
4 269 273
2 269 273
2 269 273
4 269 273
2 269 273
2 269 273
8 202 210
6 202 210
2 202 210
5 202 207
3 202 207
2 202 207
3 73 76
1 73 76
2 73 76
7 73 80
5 73 80
2 73 80
6 104 110
4 104 110
2 104 110
4 104 108
1 104 108
3 104 108
9 184 193
2 184 193
7 184 193
3 184 187
1 184 187
2 184 187
4 481 486
1 481 485
4 481 495
1 481 483
5 481 493
3 481 485
6 186 198
3 186 192
3 186 193
1 186 189
3 186 192
1 186 188
5 12 23
2 12 17
3 12 25
1 12 15
4 12 27
2 12 15
9 323 337
2 323 329
3 323 329
1 323 325
8 323 336
5 323 330
4 59 65
2 59 61
7 59 76
5 59 65
8 59 71
4 59 68
3 329 338
1 329 330
3 329 334
1 329 331
3 329 337
1 329 331
6 170 181
1 170 174
7 170 182
3 170 179
5 170 185
3 170 173
3 493 501
1 493 494
8 493 511
3 493 499
7 493 505
5 493 501
7 385 400
2 385 387
9 385 403
5 385 392
5 385 399
2 385 387
7 432 447
2 432 439
5 432 440
3 432 435
5 432 438
1 432 437
3 170 182
1 170 173
5 170 177
2 170 176
8 170 182
1 170 172
3 31 41
1 31 34
5 31 48
3 31 38
8 31 50
3 31 41
5 194 208
2 194 197
9 194 209
5 194 204
6 194 207
3 194 199
5 24 39
1 24 29
5 24 35
1 24 26
7 24 36
2 24 29
5 442 454
3 442 446
6 442 457
1 442 448
3 442 447
1 442 444
8 77 90
1 77 82
4 77 85
1 77 79
4 77 91
2 77 82
6 26 34
2 26 31
4 26 38
1 26 27
5 26 33
1 26 27
6 39 48
3 39 44
6 39 51
4 39 44
7 39 57
3 39 42
4 12 22
1 12 13
3 12 20
1 12 14
6 12 29
2 12 16
8 166 180
5 166 174
9 166 182
3 166 170
8 166 182
5 166 178
3 237 249
1 237 240
3 237 246
1 237 238
4 237 248
2 237 240
6 69 84
3 69 77
4 69 83
1 69 70
3 69 73
1 69 70
6 240 257
3 240 245
6 240 248
1 240 244
6 240 255
4 240 247
8 199 213
6 199 209
4 199 206
2 199 204
9 199 219
7 199 213
4 235 244
2 235 237
4 235 248
2 235 239
7 235 250
5 235 245
5 25 36
1 25 26
8 25 36
1 25 32
5 25 31
1 25 28
5 79 91
1 79 83
7 79 93
2 79 81
3 79 85
1 79 81
8 314 336
6 314 321
8 314 334
5 314 320
5 314 322
1 314 319
5 45 58
2 45 51
8 45 59
2 45 47
5 45 61
3 45 48
9 143 154
2 143 147
8 143 159
3 143 147
5 143 159
2 143 145
5 145 162
3 145 148
9 145 165
4 145 154
9 145 164
7 145 153
9 220 241
7 220 230
4 220 227
2 220 224
8 220 233
3 220 223
8 106 125
2 106 108
4 106 118
2 106 110
9 106 122
6 106 114
5 360 372
1 360 361
5 360 368
2 360 364
6 360 374
3 360 363
9 78 95
1 78 84
4 78 84
2 78 83
7 78 94
3 78 87
7 363 382
3 363 372
4 363 368
1 363 365
7 363 383
5 363 372
6 105 123
4 105 111
8 105 116
3 105 108
8 105 124
4 105 112
5 227 242
1 227 231
8 227 242
6 227 237
9 227 245
5 227 236
3 132 142
1 132 134
4 132 146
2 132 134
4 132 146
1 132 134
5 331 345
3 331 338
9 331 347
2 331 340
3 331 340
1 331 334
9 40 60
5 40 50
5 40 54
1 40 43
4 40 49
1 40 42
9 204 220
4 204 210