400
19 4 26
19 3 36
18 8 44
1 8 14
38 11 51
27 1 38
30 5 43
15 7 28
48 8 68
5 11 26
13 13 39
16 13 32
3 8 31
16 3 20
10 7 32
36 4 45
3 6 22
46 15 63
8 14 33
28 5 44
42 17 72
6 11 28
17 7 38
34 7 49
13 6 20
5 16 40
16 18 38
4 15 25
30 8 53
14 18 49
16 9 26
10 9 36
5 18 35
47 9 70
14 9 37
49 12 74
41 18 74
19 21 58
4 15 38
6 12 21
26 19 46
29 11 55
4 19 34
45 19 79
3 12 27
11 17 36
15 15 39
43 13 73
43 20 83
42 22 73
32 20 58
9 13 24
20 18 54
36 20 63
41 20 77
35 13 61
3 21 38
14 20 47
22 18 47
46 19 68
24 27 65
41 27 83
11 22 47
12 21 50
19 19 47
43 25 74
38 27 73
5 22 47
25 18 62
18 22 50
24 19 57
17 28 53
17 26 51
40 20 64
32 24 72
29 25 73
47 22 77
39 30 76
26 20 50
23 19 55
28 27 73
48 26 76
44 29 75
40 22 78
32 29 70
47 23 85
46 29 79
36 22 76
42 27 70
6 28 46
47 29 84
24 34 66
1 28 45
22 28 63
29 33 78
17 33 69
32 27 73
10 27 40
9 31 43
35 34 86
38 31 88
13 32 53
6 36 51
39 33 82
35 28 83
16 36 53
42 28 76
42 28 90
32 32 66
49 27 79
48 27 82
35 31 80
21 28 50
9 39 62
11 35 54
46 30 92
46 36 91
43 36 86
13 37 70
34 33 84
1 40 53
3 36 46
46 39 96
1 38 51
38 35 74
16 35 59
16 36 72
2 40 46
21 42 67
36 34 80
20 37 66
45 43 104
42 44 102
41 42 88
48 40 102
31 43 93
1 42 44
19 35 67
31 42 90
8 38 55
43 46 95
40 39 98
44 42 91
49 37 90
16 38 63
24 46 88
13 42 70
50 41 96
9 46 57
25 37 81
35 42 83
3 45 59
34 49 103
24 43 87
21 47 72
30 47 89
46 49 108
34 46 92
22 46 73
39 43 89
29 41 76
3 40 54
32 52 90
32 46 92
31 47 95
25 44 77
40 44 98
11 44 73
1 51 63
23 46 86
3 49 58
20 49 71
21 43 74
19 51 81
2 43 47
35 52 104
24 52 77
29 52 97
20 45 76
8 53 62
38 56 102
11 48 72
6 56 75
24 55 99
32 48 87
44 57 102
26 46 86
21 54 84
26 49 89
11 56 72
13 59 73
11 51 72
46 54 109
10 51 73
47 57 116
39 56 101
8 52 79
14 53 77
4 49 72
34 54 105
34 57 111
6 61 79
33 51 95
29 58 89
16 51 77
42 53 109
28 56 90
7 60 72
3 60 71
16 62 98
14 63 94
17 55 81
17 59 87
38 63 106
22 56 84
28 61 90
36 65 113
50 64 128
15 57 84
25 63 108
47 55 103
14 55 79
49 63 123
40 57 105
46 62 115
37 61 103
33 58 107
3 59 75
7 57 81
45 66 126
29 64 104
14 63 88
49 69 138
28 61 103
13 66 89
48 67 117
3 62 77
3 66 75
47 66 123
5 69 89
18 70 102
27 71 106
30 64 108
29 66 101
49 71 134
40 67 115
46 72 137
25 68 97
43 65 123
49 62 125
38 69 122
50 73 128
38 68 115
41 64 109
5 65 81
3 73 86
17 74 108
41 75 131
26 71 117
11 69 89
18 69 88
39 71 123
13 73 99
9 74 100
35 76 122
26 67 95
21 72 97
50 70 139
28 75 112
38 69 109
49 70 135
37 69 116
43 68 119
31 74 122
30 78 125
37 78 132
46 77 128
31 75 118
1 70 85
42 80 135
48 72 125
15 81 101
39 78 125
40 74 130
21 77 113
3 72 80
41 77 129
16 78 99
29 73 112
45 77 139
26 81 124
26 76 103
17 73 104
17 81 116
9 83 94
9 84 108
31 82 127
10 83 96
40 78 126
38 79 129
26 82 127
14 75 97
34 82 134
20 80 117
15 78 105
19 86 115
44 77 139
23 76 109
44 77 136
22 82 119
21 80 108
42 83 142
34 85 131
22 80 103
30 89 139
29 86 121
14 80 99
33 86 120
21 88 116
9 80 104
19 92 130
43 88 149
12 82 103
26 85 131
31 83 127
30 88 135
13 81 97
9 91 101
12 88 109
50 83 143
11 84 100
30 91 141
42 88 149
43 83 130
30 89 129
1 92 96
8 90 117
13 92 123
17 95 129
31 88 139
8 97 121
34 85 138
24 94 121
19 91 128
30 87 131
33 89 125
16 97 123
2 93 101
14 95 116
4 99 115
45 98 160
36 92 145
7 96 108
13 91 119
37 94 147
40 92 137
46 93 146
22 89 114
11 99 113
11 90 103
18 91 120
15 92 113
39 97 145
29 93 130
32 100 141
24 91 132
12 93 106
40 102 149
49 94 157
22 94 123
23 99 127
43 100 161
48 95 144
13 102 126
27 94 139
34 99 153
22 99 133
2 102 117
41 97 158
46 94 155
17 95 114
43 105 155
44 101 163
15 98 125
26 104 134
11 108 130
10 96 114
21 104 135
25 98 137
17 106 125
31 106 154
1 105 115
9 103 132
13 104 132
43 108 170
35 101 151
10 103 114
9 104 129
5 107 114
17 100 126

