450
35 8223 8263
90 1007 1118
31 5372 5409
58 1739 1810
70 2121 2199
76 1045 1137
28 5655 5685
2 7479 7481
39 2109 2155
39 6401 6443
16 7308 7326
96 825 942
58 1972 2037
93 2819 2923
86 3849 3947
58 272 338
27 3594 3623
58 5648 5714
34 7164 7205
36 2769 2810
94 7573 7687
63 59 132
30 7366 7401
15 6871 6888
80 875 970
12 7697 7711
37 4238 4281
8 504 512
18 3446 3465
55 5775 5838
21 4653 4678
44 4218 4272
60 1176 1248
9 3350 3359
6 4110 4116
27 2157 2187
2 3685 3687
8 1935 1943
55 4351 4415
39 7848 7894
9 3614 3624
75 901 992
47 3326 3377
42 7284 7335
55 1145 1206
65 7864 7940
13 2141 2156
88 6753 6861
11 2797 2809
35 3415 3453
68 1103 1180
20 215 238
74 3199 3286
25 4008 4035
65 2597 2668
64 7838 7916
85 3080 3185
100 8030 8151
29 7438 7472
64 4528 4598
55 7375 7439
11 2859 2871
54 5062 5126
59 430 498
44 5000 5050
52 5873 5933
68 1197 1279
14 4794 4809
48 6656 6712
12 3671 3685
6 5328 5334
92 4843 4945
77 2377 2461
28 1534 1565
29 8231 8262
62 173 246
88 4434 4535
78 2089 2181
40 6 54
8 8022 8031
82 4696 4797
62 4243 4319
95 2717 2827
50 6014 6072
61 3462 3536
6 7881 7887
48 2054 2112
24 3269 3295
63 7824 7895
90 8274 8379
89 4387 4494
47 4329 4383
55 2529 2589
16 7711 7730
29 4673 4708
19 740 760
6 4930 4936
25 1883 1912
75 2176 2264
14 6594 6610
99 3017 3134
79 7178 7265
30 1090 1125
5 3396 3401
82 8306 8397
52 5746 5809
64 6426 6500
70 1270 1354
5 3876 3881
93 5744 5849
45 4738 4793
50 22 80
23 6541 6568
10 6312 6323
34 4444 4484
45 7158 7209
88 3710 3808
7 1392 1399
42 7746 7794
81 3315 3411
96 5404 5511
81 6452 6546
48 2233 2287
31 2287 2321
84 5123 5220
50 1625 1681
51 7583 7642
72 1946 2029
100 5195 5310
66 2786 2860
37 7755 7800
97 2041 2150
15 2354 2370
50 2749 2808
96 2219 2327
20 7160 7182
72 4899 4978
1 5269 5270
8 1559 1568
13 1627 1641
81 5260 5356
11 7295 7307
20 4520 4543
69 3671 3756
3 8021 8024
41 2353 2401
94 593 698
73 5843 5930
91 7564 7670
56 1186 1255
32 8289 8327
9 7478 7487
44 4951 4999
51 5819 5880
18 7409 7430
4 1823 1827
6 1690 1696
38 5041 5083
1 439 440
94 6018 6130
65 7578 7652
87 5194 5295
91 8125 8229
52 8282 8342
13 3060 3075
68 4327 4408
24 3674 3701
11 3971 3983
98 5894 6008
27 4138 4168
71 7377 7460
52 380 438
93 4564 4669
19 2738 2758
25 4730 4758
84 5608 5709
75 6653 6739
52 162 223
55 633 696
64 3276 3348
53 1225 1285
55 3998 4065
47 2486 2540
97 5038 5157
15 3312 3329
33 5246 5284
1 5570 5571
22 6916 6940
29 2957 2990
8 8024 8033
78 8372 8466
86 7154 7260
33 1991 2030
66 7372 7444
47 2102 2159
86 7177 7275
94 995 1101
63 2165 2239
49 992 1045
43 7100 7147
24 5360 5387
56 6754 6823
10 6213 6224
64 663 737
42 5112 5162
23 1993 2019
2 3622 3624
71 2226 2307
56 3536 3601
71 6196 6279
99 5562 5678
62 5702 5774
13 6811 6825
51 3550 3609
16 460 477
14 1594 1609
56 5265 5334
47 745 800
27 8217 8249
61 2144 2211
41 5807 5854
19 3291 3312
37 5405 5446
87 7383 7483
8 8071 8080
74 1528 1616
80 2754 2845
30 2825 2858
50 5989 6046
14 687 702
90 5891 5998
81 3565 3658
76 4359 4453
1 8139 8140
48 4804 4861
44 3172 3223
24 1874 1902
2 6964 6966
18 1722 1741
19 7265 7286
58 3615 3686
14 3959 3974
18 322 342
99 8010 8122
51 5190 5246
17 7449 7469
47 7346 7402
3 3416 3419
89 8159 8256
82 167 265
29 2390 2423
54 7398 7459
50 4360 4420
41 3479 3528
99 4121 4230
72 7002 7087
83 3574 3671
8 8356 8365
29 1431 1463
33 2938 2978
46 8354 8408
73 7174 7259
88 6475 6580
51 4914 4972
75 1851 1941
42 2436 2483
23 1007 1032
55 2269 2329
98 706 815
73 5324 5407
10 1141 1152
56 6814 6879
87 1775 1874
44 2180 2230
88 6952 7057
70 7364 7448
37 5470 5510
48 5823 5879
92 4601 4707
16 4428 4447
27 1111 1140
28 4013 4046
58 6551 6619
23 3806 3831
77 2136 2231
41 5459 5509
86 5313 5407
17 6976 6996
91 7146 7250
3 2630 2633
74 3615 3698
42 4749 4798
34 7562 7601
13 4601 4615
79 4023 4116
3 3996 3999
96 5384 5501
14 1565 1580
70 6510 6588
94 6409 6520
50 7207 7262
40 802 851
24 170 199
45 587 640
40 1831 1880
93 6420 6525
62 362 430
60 3328 3402
71 3785 3872
62 6769 6838
11 708 720
79 6463 6556
12 4141 4155
22 2991 3017
78 7075 7168
80 8076 8173
29 4561 4595
68 5012 5090
96 1172 1287
88 4429 4525
67 4327 4409
27 7125 7156
79 7419 7507
73 5730 5816
81 3432 3524
27 5579 5611
100 2470 2588
54 4136 4198
9 1989 1998
62 3052 3120
31 4375 4409
68 6511 6590
20 8295 8317
42 5825 5872
32 3954 3993
97 6343 6460
30 3363 3399
79 5687 5774
30 4482 4515
27 6013 6043
35 2014 2055
65 3499 3575
93 411 514
31 3813 3850
85 2027 2121
79 1552 1645
7 2883 2890
51 4199 4256
1 1260 1261
61 4492 4566
93 4541 4648
65 842 917
25 4464 4494
24 3734 3762
70 7464 7544
64 7875 7954
9 6492 6501
82 7168 7266
36 6913 6953
29 3808 3843
32 4700 4738
40 549 595
94 6612 6716
97 3345 3465
30 2373 2407
43 55 103
38 5941 5987
86 5990 6095
61 5731 5806
32 182 217
3 5623 5626
10 702 713
11 1536 1548
53 7310 7369
90 4835 4943
32 3758 3797
78 7476 7568
85 2583 2686
10 2604 2615
15 5411 5427
27 4383 4413
90 1902 2007
69 2765 2848
73 2372 2462
98 3288 3409
45 449 503
80 1682 1773
91 1692 1800
52 5334 5392
48 1385 1441
84 1987 2081
70 3282 3364
81 8014 8103
47 2479 2530
26 4524 4555
77 4636 4731
42 2821 2870
43 5056 5104
23 6013 6039
5 4819 4824
97 7624 7744
25 7074 7103
1 5949 5950
11 6092 6104
78 3861 3954
79 1549 1636
60 4913 4979
5 1557 1562
96 714 829
78 4434 4522
94 3819 3925
74 3237 3323
19 3670 3690
40 4237 4284
17 6069 6087
98 7528 7635
62 4902 4976
30 5749 5783
51 2666 2727
84 6784 6880
44 2946 2999
93 4903 5016
77 5935 6023
95 2897 3005
39 3458 3501
42 913 959
74 577 661
77 8175 8267
81 4689 4782
76 1236 1326
13 841 855
2 7039 7041
68 6650 6725
82 4738 4838
60 3046 3120
2 354 356
22 7522 7546
73 7538 7625
11 5461 5473
66 6625 6697
98 6497 6607
98 1587 1701
12 7530 7544
27 8123 8153
1 6352 6353
50 6129 6190
100 5517 5630
18 2094 2113
27 7469 7498
94 454 564
