450
325 12421 50635
158 3570 4849
244 12936 24241
783 3468 5834
71 1107 46925
468 20976 30535
694 37578 39625
445 277 18788
299 34655 41497
94 7294 14235
470 9246 25295
722 37869 41600
527 19328 33829
226 21287 51028
526 22708 32687
1615 804 16146
532 33563 42611
572 24642 46554
349 4315 30152
310 5873 6883
14 12288 23389
869 12364 27397
31 14150 16515
543 10168 13848
347 1907 2684
533 23696 51689
183 10155 48083
34 136 18281
422 5157 43035
192 5536 7102
251 12967 16430
70 2567 9630
277 496 8113
225 35620 46953
698 27053 38953
155 11116 11547
184 41500 46321
79 1230 10207
192 3346 7301
747 10072 48030
531 5987 6860
212 2296 2667
66 6587 8392
485 17636 24904
593 29433 36972
511 35976 37319
551 3364 18844
463 15450 37860
40 6757 36231
827 5947 43678
550 7676 9646
376 16820 17844
960 22100 25040
463 2340 4344
1395 16743 36987
513 27645 33796
560 1035 8675
1006 26938 28716
118 27642 29631
246 21160 48285
472 1423 10813
1013 27443 31686
474 7987 23884
575 23728 31755
689 16787 42837
165 48193 52642
592 5205 6180
634 2135 21307
64 4262 7194
208 13529 19030
233 5705 7732
289 3466 7876
590 19438 23039
265 9510 18838
1033 18333 35940
555 1023 10788
706 20099 26199
501 469 31780
44 5119 48056
122 7249 28783
108 1502 6981
440 645 6180
378 26693 32493
942 6743 27420
750 9530 11280
325 15122 24544
586 21089 39337
279 21906 50525
284 526 1535
77 14487 25241
320 3926 20317
248 6645 33121
266 2250 8069
801 10004 25392
598 20383 22841
388 483 14594
326 11076 16815
194 179 42129
508 14523 31759
691 1341 2431
522 25190 29945
544 1393 27740
232 36159 45863
102 1276 37545
307 3065 23157
359 17423 20757
171 9802 31998
2037 2029 21065
87 40750 52755
1015 4912 15930
459 332 4565
98 7150 8468
794 15465 17574
1399 19332 33240
703 1560 47494
69 18485 28506
686 7763 9512
515 6287 40354
605 5174 8128
602 1900 6697
249 21798 29206
106 3631 4101
61 28769 44765
271 2087 8641
310 24536 46961
430 16608 34283
635 8775 16752
385 21565 46536
164 10710 48967
125 573 1629
205 6610 19857
169 2232 8437
426 11714 12978
1045 2215 3736
118 1377 11229
545 16731 40961
392 0 447
322 5913 11603
271 17629 32732
196 20601 24918
398 19185 20651
373 4672 5502
743 10317 13284
423 2658 50030
21 7226 29091
772 15941 23523
196 19573 29643
48 9174 43839
384 2219 4664
800 4842 38250
453 9274 18627
812 7064 39716
110 49636 52190
321 23968 46497
723 215 2536
288 1900 7697
808 4510 49849
548 10895 45215
282 17877 27523
401 4044 36845
472 14307 31031
253 1421 7229
815 10253 13753
259 30179 31158
414 28899 37780
533 4387 48727
1202 20073 44350
387 18767 40946
281 3787 29157
203 2465 13409
30 55 4289
248 15540 35515
607 1310 48881
755 41339 49348
732 0 905
753 26474 38786
179 15535 41702
2091 7893 15239
254 941 9834
172 11489 46524
287 1053 27298
2017 254 4367
271 30414 44592
358 3051 4384
912 18517 43748
249 6348 13003
648 2967 36349
713 592 22335
664 39023 52028
436 3905 12564
252 5631 25398
305 6704 14255
702 9053 46475
106 841 19112
61 10870 50880
430 2208 34220
8 6251 7232
389 28989 33305
245 6242 15049
531 1119 16464
291 26045 26834
799 22382 42472
544 34164 44025
560 22098 50652
572 5142 16205
582 952 5772
208 445 43700
658 1824 12867
232 14300 19132
482 4964 21232
1446 7678 17517
931 31244 37432
1037 2361 11775
224 31778 50563
35 1076 3980
105 20179 40494
747 5020 9294
316 15583 19399
170 16934 33081
815 13092 19881
17 6391 27796
702 2660 17977
169 14843 19333
226 2341 7243
237 1897 4929
989 12003 45828
56 17375 46746
634 7661 17269
459 828 23606
1157 6112 12892
464 23212 38239
393 3123 21561
242 13975 30048
93 1112 15268
748 17742 51870
987 28688 45665
227 18350 50544
54 2213 7203
202 17669 28856
340 4471 10005
452 9934 14902
504 7075 41642
707 8122 34938
447 21494 26405
586 511 3585
245 10306 38004
384 22475 41075
599 3159 24273
529 25135 44183
194 40377 47906
11 11908 50756
43 3173 49306
193 20397 21650
263 354 6530
939 3087 35531
182 3853 42991
282 1016 2034
291 2273 26828
632 6474 35467
788 15918 31272
49 18941 25253
755 10512 36326
283 4624 5669
1514 41764 48613
417 27843 34057
245 3025 10986
887 31958 45879
91 40193 49768
437 8680 33940
647 10353 23667
486 898 28070
418 21266 35203
646 4357 11302
204 1734 12537
788 22479 24925
475 20368 45807
1004 20608 33694
519 42675 43769
408 1242 9119
327 13222 43503
511 29688 47681
309 2823 20110
48 4208 9964
288 35350 40748
1023 6674 27224
269 17384 37025
139 8448 31805
499 40226 40951
919 220 8548
1742 0 2702
301 2188 4998
460 4891 8024
8 11952 27899
101 8211 28783
202 251 32613
165 5773 9892
876 2353 18261
236 1760 10030
521 9553 34008
129 2355 14986
326 31739 34861
378 26845 38009
210 22283 31263
211 620 4707
141 19276 52593
502 690 1514
735 4663 6899
536 1548 25954
434 6997 22037
9 12438 32594
298 30324 32543
402 36277 52237
113 1787 3917
963 173 6552
508 2590 5565
303 1546 26142
361 47702 51221
488 11512 17511
337 10014 13854
759 20242 22591
525 44485 47162
1983 4407 10587
58 13378 15828
302 41864 49651
804 7304 33383
66 1569 7927
464 3960 11280
487 44242 46103
944 15501 23419
12 10407 33774
427 31142 32179
133 38261 41743
367 899 2279
618 3248 10191
7 15269 42762
230 7997 16085
1424 32173 40742
275 5034 28415
969 0 1029
212 869 2016
1955 17784 22371
445 15090 27518
418 14036 25703
545 38381 51546
102 10377 47563
1514 26049 29407
281 2027 3264
333 12605 34682
514 7123 10558
1513 26763 30581
653 25694 48531
287 2124 7464
485 41848 47970
246 9243 19178
394 16703 30455
571 27704 38232
547 2678 13939
477 29589 44794
1750 1292 5976
569 8749 18462
71 14077 33508
26 7089 27928
320 2741 14665
340 1436 27192
216 5602 27789
634 35491 41550
674 39020 40069
204 1554 4739
670 15621 26509
354 16788 19874
602 10637 43043
169 778 4734
577 16962 41977
293 2253 10193
61 36265 41085
775 4697 12241
437 18154 44757
371 2167 3848
523 38562 51034
342 21781 35665
700 5399 18726
507 9089 28585
437 9203 25343
502 2408 36212
742 9677 21566
93 7868 17388
1032 2558 30116
222 17702 21655
520 8276 15700
262 20503 37463
582 16699 52776
557 10294 12346
706 230 1731
563 4149 52256
394 4801 50381
58 40592 49721
28 195 28832
305 20659 23107
109 17797 27771
37 6838 34317
316 17991 44370
359 17690 29379
318 21135 22470
163 662 45255
101 13519 32959
294 26588 45718
256 22015 46679
61 3005 35119
728 50 40381
718 29702 53167
697 4272 14286
285 15958 29663
278 7317 28863
161 28628 46949
374 389 1138
292 12290 23760
203 32403 43124
475 43685 45273
40 7094 16838
46 6995 20694
295 11089 24512
1894 1 39561
555 92 1143
484 30676 48721
357 1072 2947
234 24997 35870
186 12207 47711
488 3203 20263
150 15449 45595
414 1410 49910
276 13950 28691
396 7775 20529
839 12397 30978
165 10557 33602
506 3287 12116
588 3587 16197
351 12537 14321
777 35441 42532
137 5438 27401
1026 19973 26126
287 22404 38783
232 9052 21510
813 1494 3815
764 8777 15263
377 3809 20122
547 27596 39939
798 3314 7973
147 15625 18044
76 23507 43565
445 1537 49321
