250
6 3271 3277
50 2910 2969
53 3735 3800
82 3264 3361
1 2977 2978
15 3640 3657
79 583 671
53 2871 2935
3 3284 3287
77 3437 3526
20 2201 2223
38 3043 3087
85 574 673
1 4211 4212
28 212 244
13 932 946
55 342 406
47 3874 3927
86 976 1075
2 3173 3175
46 3196 3247
65 3342 3417
90 1575 1683
36 4000 4039
23 4461 4488
25 3757 3785
22 58 84
46 2770 2823
19 2056 2076
22 2138 2162
19 4366 4387
12 2548 2561
14 3397 3413
50 2998 3056
32 1537 1573
36 2813 2853
5 1555 1560
42 3479 3527
16 2230 2247
48 1051 1105
25 2884 2914
31 470 505
77 3029 3123
49 295 349
72 4305 4388
19 3914 3934
29 4255 4287
68 1721 1795
44 2642 2694
58 3231 3299
24 471 498
5 3252 3257
81 302 397
3 4509 4512
90 475 577
10 4525 4536
65 3760 3832
69 3024 3100
99 2391 2502
24 2218 2247
96 2992 3103
91 2788 2900
98 2044 2158
25 1692 1722
22 158 184
21 3427 3452
10 2240 2251
89 1161 1262
60 697 766
32 1323 1358
4 3943 3947
35 439 480
13 1650 1665
10 1461 1472
40 3298 3343
19 2471 2492
42 404 454
50 4354 4413
84 3175 3276
9 986 996
48 645 697
10 2549 2560
62 2332 2400
43 3401 3449
22 3872 3897
95 4247 4352
69 4127 4205
4 58 62
90 1643 1754
99 2769 2889
52 659 720
58 992 1061
7 673 680
9 3731 3741
54 2938 3001
67 2802 2879
16 981 1000
58 45 115
8 4095 4104
29 743 775
25 3927 3954
98 4407 4519
19 1586 1607
76 2120 2212
47 3700 3756
9 1274 1284
96 591 701
68 2050 2130
49 3756 3815
59 1186 1251
51 1187 1243
9 2587 2596
53 3301 3363
58 3972 4036
61 1482 1550
71 1309 1393
73 3498 3581
7 4373 4380
9 2592 2602
90 1795 1903
2 4115 4117
13 3840 3855
81 1497 1596
71 1273 1359
45 1092 1143
49 4497 4550
13 1922 1936
4 73 77
40 2405 2453
68 2951 3034
88 2604 2703
64 1924 2000
1 2168 2169
11 4493 4505
72 1897 1980
34 111 152
12 1900 1914
83 1037 1130
72 1079 1165
52 4130 4193
59 1107 1171
12 4421 4435
59 893 958
8 1141 1150
42 1434 1481
64 2319 2397
69 846 927
75 550 639
22 2929 2953
82 1820 1918
73 3904 3989
67 1869 1950
83 1758 1849
96 3028 3145
62 3610 3685
69 2458 2542
13 3707 3722
32 2626 2663
9 1242 1252
82 1943 2036
83 1599 1692
9 2178 2187
1 4063 4064
44 3641 3694
22 2011 2036
44 2462 2510
46 1306 1357
98 57 175
53 2864 2923
62 2381 2450
68 2410 2488
67 4298 4375
98 2907 3024
31 105 140
68 4492 4572
74 1736 1818
91 3588 3689
9 1687 1697
11 11 23
80 4232 4322
94 897 1011
94 1878 1984
95 1278 1389
68 2500 2580
1 3460 3461
15 4063 4079
58 4459 4524
70 3376 3462
17 1344 1364
8 2682 2690
60 722 791
44 3875 3928
27 850 880
9 1016 1025
52 3685 3745
28 3435 3467
53 951 1011
29 4515 4549
98 4430 4547
9 944 953
84 540 637
70 2925 3003
93 3145 3250
46 686 739
76 1714 1801
74 1446 1527
54 2654 2718
34 207 248
41 4371 4419
35 173 215
62 1364 1435
1 3706 3707
67 273 350
24 4165 4193
32 1073 1108
94 4446 4557
97 3540 3653
67 481 561
3 3387 3390
22 714 740
96 1158 1272
25 3558 3586
35 348 389
38 3931 3975
36 1244 1284
43 3378 3427
72 3101 3183
66 3690 3769
79 2594 2683
8 509 517
74 1511 1597
100 1455 1570
25 1950 1979
10 1044 1055
64 2728 2800
19 254 274
58 1832 1895
59 2803 2872
43 2727 2776
58 1317 1382
86 2604 2703
53 1764 1822
43 1305 1355
40 4025 4071
16 2995 3013
2 886 888
62 2584 2660
56 2718 2785
78 1561 1651
10 4396 4407
