500
1109 0 1281
370 114600 136161
692 63064 96108
427 33098 184569
837 92248 103425
1396 35164 188338
2023 455 5587
1701 28688 138439
581 68816 124555
1701 14405 29770
69 22276 74121
743 17096 42582
1230 112884 140428
14480 113009 194100
472 45279 188071
314 20616 30075
1295 34667 38193
644 39617 135362
729 10753 23049
798 90028 99289
1397 4516 17818
1506 33996 66652
14674 35349 74186
1486 505 24662
3945 14743 107733
1321 10139 120680
525 10491 91177
342 20759 90330
187 53235 102372
3722 46430 168619
1521 96228 153715
644 10582 16654
1263 40805 97098
762 107913 144180
3028 13020 32559
3437 0 4339
42 40579 68649
1921 117744 154644
481 46286 54099
900 101565 130260
3025 72055 106721
239 0 902
942 19582 21443
582 32071 55529
2836 9978 24569
1297 41918 60280
1415 76945 155397
194 49815 143740
683 5044 9026
1990 16089 44072
1381 565 9830
224 17709 172805
548 38845 43933
1734 29591 40107
152 5236 189575
4788 15336 186402
108 43862 121985
895 79761 143510
880 43571 190887
5045 5537 52961
218 20666 25837
116 37130 87441
1534 10176 37617
2918 5045 30059
689 101 151818
1631 87424 113876
550 86461 129690
4489 51416 115682
10728 131984 154740
1221 80499 118217
831 55098 86218
3139 29447 145083
4308 18613 63597
956 13242 63206
953 17611 101951
847 145137 178717
1576 25630 29522
1140 35815 128660
297 73663 129078
743 2276 68640
784 26837 101122
524 4650 35233
347 52189 76176
771 72525 179534
3609 57438 74229
1066 5069 10781
2050 2918 12752
4508 18489 59059
4903 27666 162229
1643 31629 106563
813 38237 85897
745 79286 135204
372 37804 54673
773 107688 175715
1506 70430 79718
655 47435 58468
131 6883 17616
4776 132336 189309
413 3468 5246
1177 3274 39555
1981 8533 131107
426 149536 185179
492 125219 149109
141 119354 180207
2894 58527 104039
784 38264 49414
490 7292 10688
1288 20642 48367
801 4588 166128
1475 12289 21728
1247 62068 158405
1717 1138 19616
657 80380 151422
1570 136655 158866
527 127941 150458
1099 49430 52087
467 18696 41564
709 49683 141179
1041 44571 51776
1095 34895 118878
1253 69011 89338
985 35516 40297
832 22070 35445
1976 11396 62407
305 31574 55578
1369 3759 7211
2026 6668 17814
252 117055 150314
1376 28247 172156
492 147633 165629
459 18629 98946
1441 48194 84408
172 8091 21639
317 50692 185199
894 10012 94952
388 135 42089
1598 38455 133243
184 35651 104968
156 139253 161656
39 50265 63414
115 39241 39408
13732 4855 94256
2705 124881 162908
1525 5370 20258
1501 19739 27552
1285 137466 186986
189 104745 179969
2290 6301 135694
889 174705 194671
1462 31800 93383
679 61036 83498
1246 29986 56745
517 78486 102071
806 98236 100872
707 73608 92120
1805 79814 90404
1978 7406 34265
707 45043 131481
666 30891 46740
678 3271 6566
599 31247 49090
988 9085 31258
1096 15059 34855
1626 4391 17802
1556 45237 134705
1133 66130 74293
797 23543 34619
1986 123643 126793
4774 46387 181107
805 1725 4172
20 45733 108085
1299 10540 155356
1553 125511 143429
264 39310 121635
759 91302 114462
1298 12318 146757
1328 13422 112158
216 14629 18783
1118 511 2903
168 103026 104576
1627 8111 105755
1048 7758 126688
1670 36297 103661
1509 65305 181230
491 18980 19829
1348 29279 72916
1121 58428 68990
684 47492 108646
368 44867 113051
879 26866 76809
44 111729 159891
117 19566 91463
513 151754 176301
1045 86745 106692
1245 18142 180677
873 6501 114102
6 20304 149226
1243 76159 173827
505 26882 116263
2188 55196 58440
68 306 2934
1904 11691 48723
982 11062 45198
760 741 3964
1278 36904 93282
706 137078 140921
685 15402 65217
548 2619 142398
2023 6690 165830
2029 61334 63592
1703 5779 15288
714 27975 79593
962 27414 38475
462 208 135009
1520 130766 177483
1094 67946 142326
1319 20619 125719
2082 64086 173107
1177 53967 183164
1628 31943 62236
549 135086 142686
272 54803 101835
990 83673 110920
301 37490 191992
726 51563 96867
1531 132365 142144
1465 100603 109769
864 137000 145506
795 247 3109
1576 1138 12776
2107 116487 123314
2034 166 2371
3212 109107 122316
1136 85535 104194
186 9724 82459
2939 667 157183
912 20293 122799
974 28976 97498
1395 8247 108343
1502 44091 81138
1587 7895 63943
1836 80240 150622
559 13200 58040
1733 9746 76326
4321 29719 196146
437 2443 8319
184 9125 60342
2180 9685 24468
2190 112134 139245
312 65703 170945
1608 119590 153063
655 89369 146939
1434 99694 124085
340 107273 120724
4270 37885 45714
3729 154384 201235
2082 41903 80330
2577 20821 28024
800 61063 128648
2135 57876 100301
852 588 86672
355 12900 184648
1525 4161 53384
700 25463 32125
360 116351 189772
6973 12570 33116
828 3689 9968
1393 34111 163956
1720 27969 59723
404 7263 105582
867 40068 80599
230 48637 55486
925 165141 189307
2028 53525 77573
1771 60590 113573
704 27376 78509
148 85276 168341
1902 42211 177289
2044 19115 71964
1391 57353 111574
2055 80216 116084
1709 10622 50888
1584 162935 167726
1561 9922 26251
909 62447 86008
497 63026 112779
4129 58038 141862
820 29627 66476
3158 36660 102131
990 55195 65142
662 143513 159956
1620 29382 161622
1097 3727 27703
1262 61818 162762
891 29968 70127
836 13312 36523
8167 8214 40951
196 61539 136676
1299 97257 175591
1376 69139 145929
539 92614 174557
324 76802 108907
2139 53744 70336
1707 41913 51085
4966 1006 130883
123 99260 157371
110 34163 47613
1302 7263 16023
1583 144627 183547
1111 148551 156414
1075 33127 163536
615 47885 90633
1950 10184 109279
9214 54029 134199
1480 4579 44485
1740 114018 169367
1457 13712 54477
1898 24551 41911
1533 40300 82875
71 27424 90899
2116 26225 120411
112 85468 125183
1038 45081 193649
316 15181 45192
704 28350 116403
11994 45110 178690
703 124678 145521
407 81207 137072
855 35776 140300
728 26905 45409
1849 16730 150671
3066 79560 88901
3021 6332 16074
684 62252 124955
663 15376 27958
1359 32514 88127
1031 64281 85759
589 98123 137080
1154 62141 94577
104 150227 178350
327 14319 55493
1014 440 10252
4102 114455 127103
1797 60757 96014
42 38071 181420
691 107492 118162
264 12748 18755
4601 319 14669
473 129023 143797
7 105890 187804
2032 41708 78904
232 42987 172480
119 7314 144579
224 20873 36427
57 93032 149287
1420 65030 75516
1647 44647 117044
105 37049 90293
531 95853 105981
1221 106780 170983
10933 48142 98792
1968 1811 7807
1711 25612 149031
551 4238 96094
391 39705 52173
295 15418 29835
2346 59172 98123
999 59395 160870
259 6093 91248
809 75221 120138
1530 124660 187468
313 789 93633
812 14488 18590
712 48263 81302
495 32278 93848
615 53040 56352
774 92573 151535
1865 28836 35775
1215 1697 53280
5968 10572 23202
2517 5082 22338
1720 31170 46731
777 19235 20942
2000 47587 66372
760 37516 100225
1084 146021 192396
1558 75137 162642
1555 1940 33530
5095 142777 172081
972 2167 5355
1661 134148 170555
2013 54807 73037
277 35476 81066
1836 45870 174087
858 26784 63720
1544 4889 71564
1555 152865 182403
11615 21257 51596
1870 143830 156832
754 93456 136159
2144 28287 132215
71 115274 137557
252 41856 101777
715 51823 73341
1021 366 107843
1481 11949 97996
1019 33245 111475
459 11018 170831
13761 0 17080
4392 2231 9509
3474 8827 41484
1223 17507 133823
1061 10191 22892
50 121541 159522
1371 1284 59755
10593 97054 141293
926 147874 149648
1543 64109 82932
220 175556 181606
673 167308 181375
3429 18956 85002
191 31017 62684
2140 67886 118842
170 136017 150125
3112 87448 113007
436 12935 126959
872 114329 122195
3776 73062 93277
1403 82407 127953
1228 77826 167692
398 27863 49116
668 12476 133943
1336 52793 178910
1625 10725 32121
1159 41626 97847
1017 5619 28187
898 6871 78983
1186 3614 13767
4580 108521 119247
951 14994 67547
804 51706 57498
6590 31830 123684
1280 2523 26534
1215 33726 41094
10 73746 179923
62 11610 136713
938 91958 168822
1018 55682 68396
5017 11422 70935
2156 94767 133453
6 18853 21973
517 70182 136684
590 57970 124002
583 39383 115306
487 139857 148027
5687 75304 162107
923 140143 153398
500 9629 161225
1395 57952 75165
934 73037 135379
4231 1000 38450
40 23925 129128
232 146272 164111
1163 65011 157105
510 10423 18470
1694 3748 14529
3 35929 86651
807 17708 77748
1260 65940 83314
243 17826 90633
558 154549 179265
4458 51214 149356
1286 110077 160120
1219 43906 147697
131 15144 78898
520 44093 138781
559 9551 109816
657 63273 91114
691 69500 84096
112 7068 16050
1010 103345 165468
1613 23820 186112
1538 6814 191463
464 36745 58770
445 71221 152730
1337 87146 178971
1458 56103 184368
2461 139207 175765
216 23508 131388
1821 59947 88201
2111 6237 48111
591 53003 54810
11181 29963 63384
4009 60189 111946
8807 116616 166145
46 4248 136933
1645 102818 111246
916 70453 82142
2436 39484 95768
623 2185 7311
