250
144 40 187
100 714 825
103 1258 1367
44 519 573
90 562 660
121 876 1007
137 938 1083
57 211 272
76 1252 1329
103 226 337
105 1341 1457
115 360 476
138 946 1086
71 1163 1242
141 609 757
70 1023 1096
122 1016 1138
87 1227 1320
112 1331 1449
86 803 893
56 217 284
121 15 139
24 1342 1372
46 640 692
113 1168 1295
78 591 677
132 309 451
139 720 862
41 535 584
77 1203 1282
25 1174 1204
42 86 143
53 929 992
97 346 447
67 501 574
147 370 528
120 1035 1158
97 263 376
134 411 554
97 1043 1153
64 893 970
137 1155 1295
108 569 684
130 1269 1411
77 1400 1477
87 356 447
57 399 464
127 997 1127
147 1370 1530
129 1004 1148
117 167 290
127 1102 1239
130 1320 1451
59 445 512
66 102 169
42 25 72
96 842 941
77 618 698
81 821 906
32 1441 1482
138 566 712
130 217 350
1 1147 1160
148 846 997
36 950 996
148 296 444
98 738 846
83 8 102
82 577 662
61 1344 1416
23 925 953
143 117 260
100 156 259
44 1185 1242
103 259 367
34 1166 1207
41 775 818
69 1276 1352
33 1355 1402
44 99 149
118 1172 1296
45 1172 1225
40 1098 1147
24 256 289
141 39 196
61 1231 1297
109 1333 1451
47 1411 1470
61 915 981
143 633 782
51 198 249
45 629 683
71 403 480
62 1326 1396
36 1292 1328
121 936 1058
108 849 959
66 749 823
120 1377 1498
109 511 636
52 439 491
144 152 301
25 1227 1264
146 793 941
123 887 1013
24 352 379
49 997 1048
92 573 668
44 220 278
116 836 962
38 1106 1147
147 1378 1534
28 705 740
71 797 869
108 960 1081
55 659 723
141 877 1023
134 1179 1315
26 807 840
124 1190 1326
58 433 506
70 798 871
41 564 616
88 1415 1507
48 1145 1202
1027 295 1322
30 134 164
128 1156 1289
91 392 498
57 1456 1522
28 969 1001
131 291 426
76 448 529
124 809 939
98 1039 1138
74 710 787
141 1163 1313
124 753 887
39 809 855
44 721 776
50 1119 1175
136 366 502
32 1162 1200
37 1383 1421
23 361 397
95 1252 1354
125 612 749
53 379 432
36 29 71
149 1205 1358
104 1286 1392
130 201 331
129 1134 1264
124 590 714
59 1314 1381
146 994 1144
70 63 141
131 610 750
122 1171 1296
86 937 1023
136 650 786
144 1239 1383
82 106 200
141 587 740
84 809 894
62 1348 1413
59 530 600
63 1 80
68 211 283
104 604 714
80 98 181
133 1198 1336
36 1024 1076
117 734 851
103 1209 1317
39 371 416
112 701 824
41 115 163
67 1098 1174
95 466 565
113 986 1107
126 1225 1361
112 1127 1244
91 658 752
102 169 284
47 767 828
21 627 655
487 1329 1830
101 1058 1159
84 212 301
102 115 218
23 149 172
30 1204 1236
21 1191 1221
103 904 1013
58 62 120
55 196 260
74 1397 1472
40 987 1036
102 1263 1365
110 776 893
55 253 320
81 586 667
135 434 573
81 201 288
89 768 863
120 6 128
114 708 832
32 1296 1334
40 828 876
39 432 471
53 772 832
48 404 460
84 889 978
47 679 729
122 199 331
30 1324 1354
52 151 207
140 1340 1484
58 112 180
56 1310 1375
61 651 723
108 1468 1581
128 551 688
116 816 936
100 1457 1558
69 891 974
132 768 905
82 51 135
78 596 685
67 860 936
115 367 491
92 1156 1259
89 1068 1160
106 1038 1146
59 554 622
51 774 833
140 481 628
50 1088 1139
22 1313 1343
132 732 869
83 618 701
138 1264 1411
80 229 322
65 1250 1323
69 814 886
124 1216 1352
95 315 411
124 511 640
933 704 1643
