450
35 1512 1553
48 181 230
32 1062 1095
31 1814 1845
10 1689 1701
14 807 824
29 787 817
18 198 220
26 845 877
50 434 493
34 1818 1856
18 1245 1263
40 429 472
12 1161 1174
14 284 300
45 1483 1536
11 1452 1464
8 1208 1216
24 652 680
40 832 878
7 1239 1246
24 1802 1831
23 1631 1655
36 925 962
21 687 712
30 164 201
15 1194 1211
14 1473 1488
8 994 1002
6 1654 1660
23 5 32
36 155 199
16 1518 1534
34 842 884
25 979 1005
18 1438 1457
32 1704 1738
37 960 1005
50 1676 1737
44 605 653
34 651 693
47 508 560
21 1309 1331
43 531 577
38 1173 1212
38 1465 1505
10 1532 1544
3 906 909
3 1355 1358
49 1394 1445
5 851 856
40 1895 1935
47 1095 1144
40 1812 1852
50 1512 1569
49 1880 1940
32 465 497
31 1276 1311
33 1208 1248
1 1659 1660
50 823 885
4 1460 1464
41 1843 1890
5 1546 1551
1 762 763
36 99 141
19 174 196
31 670 704
5 882 888
49 248 301
12 1759 1773
35 1554 1593
6 1760 1766
40 286 326
14 1037 1052
46 1162 1211
34 1823 1862
10 1250 1262
42 705 747
24 1872 1897
3 1627 1630
14 1627 1644
25 617 646
17 1124 1141
33 1108 1149
36 659 702
3 338 341
26 576 603
39 94 135
47 1638 1690
22 1229 1256
37 1386 1425
10 6 18
28 820 849
35 620 658
23 1009 1032
42 241 283
14 800 817
23 1046 1072
33 925 965
32 1068 1103
8 1720 1729
10 1778 1790
33 995 1031
6 965 972
29 1576 1612
41 630 676
10 179 191
21 316 338
7 530 537
38 1008 1051
45 1764 1819
41 1037 1082
22 496 521
11 366 378
35 297 340
3 1680 1683
29 1618 1648
14 824 839
37 1379 1423
37 95 138
34 1710 1752
42 432 480
44 1433 1480
28 747 775
47 1858 1915
7 1409 1416
16 163 180
23 335 362
19 1167 1188
21 162 187
35 1337 1373
48 1038 1089
31 1646 1684
17 336 353
23 39 64
5 678 683
29 1163 1199
37 783 829
13 422 437
16 872 890
5 904 910
24 1647 1675
44 1873 1921
31 982 1020
5 1873 1879
14 27 41
12 537 549
2 1610 1612
42 1846 1891
13 1320 1334
29 573 605
16 460 478
24 1874 1898
39 428 470
2 1831 1833
6 1230 1236
3 1883 1886
29 166 196
18 109 130
10 1192 1204
21 1175 1197
6 52 58
24 1465 1493
11 1537 1548
50 881 931
45 5 60
20 1392 1413
44 362 413
6 24 30
12 1825 1837
4 528 532
14 693 709
5 1765 1771
45 1219 1274
35 1623 1659
9 1088 1098
6 915 921
38 1543 1589
29 1034 1066
30 1894 1924
1 462 463
28 257 288
34 1399 1433
23 1519 1542
48 956 1005
23 325 350
27 1803 1833
30 210 243
7 621 628
24 1318 1346
10 960 972
46 1681 1731
4 257 261
33 946 986
27 1284 1315
49 1515 1567
41 246 291
5 113 118
29 792 822
17 814 835
3 413 416
14 504 519
8 74 83
35 725 760
32 1666 1701
31 113 147
40 297 342
9 1254 1264
23 188 213
45 657 707
14 1395 1411
46 1136 1185
40 478 522
20 1580 1603
35 210 251
17 877 894
30 1846 1878
35 1040 1077
14 1713 1729
25 1581 1607
43 503 553
8 823 832
17 1378 1396
9 1550 1561
2 763 765
39 910 954
41 218 266
13 545 559
6 1091 1097
22 1201 1227
36 598 637
13 1037 1052
3 1014 1017
6 17 24
46 821 868
28 1266 1295
48 950 1003
1 1281 1282
27 1135 1168
16 88 107
24 1699 1723
29 861 893
20 1505 1529
39 1378 1426
44 1359 1404
46 660 716
12 1076 1090
3 948 951
14 1347 1363
36 1372 1416
30 1417 1450
41 1216 1258
33 632 673
33 305 345
15 336 354
24 281 310
31 1192 1224
7 178 185
48 809 861
49 576 634
43 1295 1338
46 344 401
24 90 114
50 488 538
44 1083 1131
2 1437 1439
18 1535 1555
35 192 227
35 887 927
1 1659 1660
37 1309 1346
12 1532 1545
41 726 777
40 25 66
45 1193 1242
12 466 479
4 1755 1759
4 1158 1162
10 328 339
49 398 456
17 880 897
44 489 539
50 1232 1291
47 436 487
17 1068 1088
23 1527 1552
37 890 929
7 1761 1769
28 1254 1282
27 85 116
46 1586 1634
15 887 904
47 43 94
40 475 520
39 302 347
15 1429 1444
36 1397 1436
6 476 483
25 404 432
12 613 626
25 869 898
7 29 36
11 83 94
12 1025 1039
6 1774 1780
32 687 725
13 461 477
2 1571 1573
13 1539 1554
22 1500 1523
1 1321 1322
39 585 631
50 1195 1246
15 190 207
48 901 951
30 1898 1930
27 1673 1705
39 1854 1893
35 879 919
15 1682 1697
41 1475 1518
43 426 478
4 647 651
22 1186 1212
32 1850 1883
11 151 163
6 1259 1266
13 1726 1742
21 455 480
32 148 186
9 1365 1376
47 905 955
23 210 234
18 1000 1021
35 195 232
6 296 302
47 931 982
15 318 333
20 1068 1092
18 844 866
7 863 870
39 502 550
50 1315 1371
41 1451 1502
6 1472 1478
8 1069 1078
33 541 574
36 1308 1349
24 1679 1706
27 1021 1054
23 183 210
14 431 445
20 1768 1792
18 244 264
26 237 268
21 345 368
5 457 463
4 1326 1330
46 774 829
34 590 627
18 889 907
29 677 711
16 1601 1619
4 1464 1468
49 587 638
31 401 436
44 103 154
8 838 846
46 748 798
26 692 723
16 1380 1398
23 1891 1917
16 1777 1796
4 213 217
43 40 88
19 203 223
1 547 548
11 1544 1555
35 398 433
43 1269 1322
14 1509 1524
37 1452 1489
1 968 969
25 578 604
40 1526 1575
18 571 591
42 1050 1095
1 971 972
32 186 225
19 1469 1491
32 868 902
41 1535 1579
44 244 290
22 663 688
4 975 979
46 795 841
16 635 654
31 71 102
34 470 506
20 188 211
7 1257 1265
27 1636 1668
1 1880 1881
31 930 962
8 749 757
35 1808 1851
5 1359 1365
46 92 143
44 51 99
8 247 256
3 894 897
30 573 608
44 1016 1067
7 1719 1726
1 1324 1325
37 867 910
46 1898 1947
15 587 603
50 431 488
16 1272 1291
22 1652 1679
22 1107 1129
8 1061 1069
26 1572 1600
18 1830 1852
13 1700 1714
30 255 289
39 457 497
13 1447 1460
33 1184 1217
4 1071 1075
42 1345 1387
29 1103 1132
42 1139 1190
28 761 790
45 1798 1847
29 1398 1429
13 1359 1374
13 1261 1276
36 345 388
43 955 1008
1 828 829
28 990 1019
39 1281 1323
13 1461 1476
34 417 458
49 709 768
41 127 177
37 1579 1624
