100
26 940 968
78 103 199
13 1186 1201
80 409 501
5 727 732
14 982 997
30 1111 1147
61 15 89
82 534 627
8 1256 1264
13 1348 1362
62 140 208
29 764 797
7 1662 1669
28 1503 1537
84 1105 1199
87 466 562
76 848 932
55 1761 1825
38 578 624
50 1384 1440
33 290 326
97 1142 1260
38 1835 1878
82 576 670
16 400 419
45 1470 1520
28 1187 1217
70 243 329
89 1015 1113
33 10 46
89 991 1095
94 1676 1784
59 1638 1706
6 950 956
16 1522 1541
33 1815 1854
61 803 874
85 371 475
13 860 875
97 997 1110
40 1598 1644
9 1225 1235
54 673 732
92 866 971
79 41 138
52 54 112
86 1690 1793
18 1298 1318
81 486 577
97 1754 1867
34 1682 1721
10 972 983
99 1844 1952
86 1413 1508
25 1753 1780
57 930 1000
82 1046 1142
20 326 348
73 1567 1650
63 8 84
19 34 54
33 1534 1574
91 1253 1363
4 1555 1559
90 1450 1556
7 1180 1187
77 1152 1236
35 1037 1077
93 1725 1829
54 1136 1197
55 526 588
42 660 710
30 884 917
78 1178 1267
73 977 1063
79 1465 1562
18 450 469
10 898 909
38 1156 1201
84 1527 1621
51 359 415
33 677 714
76 1084 1170
40 647 694
31 1787 1824
95 257 370
89 1249 1355
65 1018 1096
97 1565 1671
2 666 668
96 256 367
98 366 475
56 1407 1474
16 1794 1812
60 1011 1084
33 1441 1478
51 606 664
48 244 297
38 1750 1796
