500
92 2381 2480
64 1961 2033
38 533 585
114 185 300
115 2444 2569
115 37 161
145 2453 2601
122 1806 1937
87 1025 1114
137 832 978
96 673 777
27 1519 1561
76 1159 1245
83 657 740
81 1116 1200
38 822 869
58 500 573
134 2175 2318
145 1743 1892
35 2056 2091
70 1626 1705
97 2582 2682
49 1201 1264
38 2083 2134
68 532 605
147 1121 1270
78 1694 1777
80 1660 1746
37 2162 2211
147 2632 2780
44 2410 2470
89 2591 2687
133 1492 1632
110 1332 1453
144 1373 1520
25 162 191
30 517 548
117 2078 2200
116 877 1002
84 703 790
100 1507 1613
48 2325 2389
97 1845 1953
20 2410 2436
24 482 517
84 778 867
54 2614 2673
69 2313 2389
148 1995 2155
84 2303 2388
42 2040 2084
69 1167 1238
27 746 779
104 2212 2329
76 1551 1636
145 2577 2723
35 760 795
149 1228 1381
65 2431 2504
117 1322 1447
56 1121 1178
85 792 877
105 2422 2533
89 1171 1271
113 1200 1323
26 859 885
44 26 73
116 2604 2728
88 2062 2159
76 953 1042
28 304 335
90 1199 1294
37 1298 1335
81 1040 1121
85 548 645
41 2078 2121
149 736 898
48 1568 1616
33 1601 1648
134 2532 2672
112 1285 1405
29 2158 2190
81 2443 2533
103 2636 2742
125 592 724
125 1242 1378
82 1845 1929
48 2058 2107
53 2559 2612
149 1574 1723
139 2179 2322
30 2067 2109
72 2425 2501
148 2332 2494
47 2360 2408
34 715 761
93 2681 2788
28 674 710
57 1210 1269
148 2400 2555
59 751 821
88 9 97
131 251 389
92 1041 1135
75 1999 2081
101 840 953
51 2646 2697
95 2484 2587
38 1663 1702
54 2250 2314
146 1840 1987
136 1970 2120
136 2404 2542
80 2676 2757
24 37 61
47 1740 1791
24 1126 1154
21 2563 2584
114 578 696
137 2735 2880
94 1792 1889
146 746 905
82 44 126
89 488 586
764 1551 2331
86 690 785
147 338 485
38 138 177
38 2672 2718
54 724 789
70 1947 2027
98 2230 2339
141 885 1036
141 1446 1588
35 2492 2536
95 1828 1929
44 0 54
48 1891 1940
138 996 1135
47 1892 1947
43 800 846
93 2185 2282
136 1134 1283
29 2373 2406
148 39 189
23 2001 2034
23 2252 2285
44 696 741
141 2041 2183
144 1918 2072
149 2294 2450
30 1605 1639
91 2555 2657
63 820 898
69 1332 1406
73 892 976
62 1585 1654
25 447 475
61 1894 1955
25 2170 2213
78 2123 2207
83 573 658
32 271 310
61 656 717
118 1288 1414
106 560 674
24 2274 2312
144 2558 2708
120 2696 2834
135 2207 2346
130 826 956
149 1774 1927
35 659 704
124 683 813
91 675 771
64 692 770
108 1133 1242
136 1870 2008
84 2594 2678
85 414 500
82 1215 1307
122 2419 2541
46 874 925
44 754 802
54 1208 1274
59 341 403
26 2452 2486
97 65 170
91 114 208
112 1600 1719
52 242 303
39 2330 2374
136 2775 2917
132 1603 1746
119 2547 2677
109 227 348
80 1913 2001
94 478 588
61 1084 1152
62 2256 2321
148 2504 2654
29 2472 2502
74 777 862
25 2612 2644
34 1092 1133
20 519 550
145 945 1098
117 1872 1992
122 144 273
25 640 674
115 2537 2656
76 2493 2569
91 630 727
126 1479 1618
93 954 1052
106 2481 2601
56 2476 2542
137 2295 2440
27 2225 2252
78 947 1025
100 886 986
77 2209 2288
72 2444 2521
28 1096 1127
102 1964 2074
110 1273 1390
32 1776 1812
52 1833 1889
25 913 946
131 448 587
133 1557 1694
33 654 699
95 785 890
42 337 391
87 687 776
73 1521 1601
67 1642 1716
40 1040 1094
30 2440 2479
53 689 758
64 2174 2240
59 580 654
125 2698 2823
86 2252 2349
146 1841 1998
126 527 663
98 1699 1797
29 1296 1338
59 649 709
1079 66 1153
32 2339 2377
72 1146 1230
92 2359 2459
86 527 621
132 1663 1797
111 1086 1206
91 2175 2269
106 2448 2554
65 2050 2115
73 1239 1314
73 2377 2460
138 1809 1955
113 2226 2342
112 2075 2193
140 790 938
41 2659 2705
101 2058 2165
130 2628 2761
68 1291 1360
59 1865 1931
39 2689 2736
58 2618 2690
35 510 552
127 1933 2067
124 1669 1793
34 1069 1112
60 970 1034
101 2189 2299
136 1377 1527
31 2682 2725
126 2196 2325
32 1015 1054
22 584 618
142 701 846
142 225 369
79 2268 2358
60 882 953
96 1209 1312
112 1034 1149
80 2253 2350
145 732 895
117 2140 2261
22 2754 2783
117 438 558
107 2471 2581
65 2590 2658
100 2405 2510
97 1733 1842
135 2179 2316
65 2627 2699
64 2638 2702
146 496 644
49 1792 1846
120 2168 2288
40 1686 1735
124 2498 2627
56 636 702
115 425 545
112 1635 1754
118 594 713
71 116 187
139 2763 2905
119 1071 1198
54 2146 2208
97 1820 1917
61 1361 1429
135 1224 1361
120 1524 1658
119 1850 1983
81 1299 1382
130 1777 1916
25 848 875
37 1594 1634
138 1815 1954
63 1133 1196
72 548 636
56 2642 2714
68 72 142
40 2239 2294
79 1857 1946
83 1441 1533
113 2014 2129
116 10 127
91 1528 1627
117 43 177
129 1700 1833
132 2000 2132
51 1194 1250
122 1793 1916
37 504 545
42 1631 1683
95 456 556
134 2351 2486
144 439 587
28 2137 2171
26 746 781
147 1069 1222
117 608 736
40 1395 1450
65 1110 1179
79 1365 1449
129 881 1016
127 2661 2794
73 879 966
84 850 937
59 1789 1854
128 1679 1811
60 2754 2822
77 1034 1118
118 1137 1265
88 2634 2734
138 564 706
95 964 1070
52 2556 2617
54 1930 1984
107 879 989
42 2753 2803
48 2320 2376
87 2102 2195
117 119 251
79 2138 2228
103 30 135
148 2508 2663
102 1345 1460
1 2446 2447
58 34 104
54 1543 1608
41 2724 2771
43 2382 2433
129 2766 2900
56 377 442
74 1155 1238
88 2337 2434
47 2017 2067
124 2290 2414
149 917 1077
103 1886 1989
136 1743 1888
63 158 222
26 80 113
77 2353 2444
21 2393 2421
91 1564 1667
124 826 956
23 1429 1463
98 388 494
53 709 769
20 1869 1903
101 2671 2779
109 41 157
71 1510 1581
134 2231 2377
118 2416 2544
50 183 248
73 528 606
136 2570 2710
126 919 1052
131 1658 1799
45 853 899
34 104 156
49 2120 2170
38 766 805
104 2388 2494
80 1469 1564
41 8 49
63 1045 1109
20 1927 1951
111 2019 2140
120 2631 2757
53 1535 1606
100 2483 2585
120 436 573
129 262 397
42 614 660
29 1414 1457
115 2049 2165
137 534 677
128 1325 1457
144 2085 2237
23 2442 2471
25 2103 2141
54 2451 2512
90 52 153
83 2340 2430
78 1256 1336
71 923 1003
105 1517 1622
57 2153 2212
123 1488 1611
138 2497 2639
43 2775 2826
122 228 357
111 889 1008
48 53 105
126 738 869
59 1586 1648
66 5 76
31 94 127
103 817 928
110 384 498
98 1238 1337
92 1467 1567
50 2016 2066
68 1136 1214
29 335 365
100 1073 1173
25 1969 1994
96 1801 1900
41 1547 1601
107 1257 1364
149 2035 2185
147 2372 2532
136 2350 2491
41 1189 1240
29 778 818
145 2446 2599
97 714 822
41 47 93
22 213 246
119 1862 1984
108 2305 2428
113 2552 2682
137 530 672
132 133 266
29 1537 1581
127 2255 2397
29 2324 2356
101 208 309
65 2653 2732
119 2606 2725
69 2044 2115
125 440 579
45 507 561
54 1701 1756
75 1203 1285
83 635 729
24 435 472
41 1693 1737
74 2004 2084
127 182 312
66 1731 1804
29 2493 2530
35 606 648
36 231 272
138 462 604
46 403 464
136 655 794
89 2478 2578
38 2052 2101
1076 1070 2154
