350
34 3 54
46 4 60
8 3 21
47 4 69
47 5 59
6 5 29
46 10 57
35 11 63
31 11 45
15 9 33
38 10 68
49 10 70
39 3 62
2 9 15
50 15 75
2 10 14
21 15 56
43 5 54
37 12 52
36 4 47
4 12 25
38 16 62
33 13 56
26 5 32
32 13 65
28 11 52
6 9 33
39 13 60
9 14 29
21 18 53
7 17 39
19 15 48
24 20 60
42 9 65
17 16 46
35 19 60
2 20 42
12 13 34
11 9 35
40 12 72
41 21 72
27 11 58
2 22 37
1 20 25
28 11 58
46 12 72
24 13 46
36 12 64
21 19 45
1 23 32
36 17 62
27 21 66
47 19 72
18 17 49
20 22 59
28 18 47
13 14 39
38 14 69
15 24 51
21 24 49
26 24 67
48 15 66
25 24 69
38 23 69
7 26 45
23 16 42
35 23 78
45 22 79
27 25 54
17 29 60
4 20 33
41 24 73
30 19 58
21 27 56
40 20 61
49 22 90
48 26 84
9 24 34
49 23 92
49 20 71
39 30 80
2 25 31
35 20 56
48 27 88
20 21 52
15 31 47
14 24 40
45 22 70
46 29 86
7 29 55
5 26 46
6 26 45
30 29 70
29 23 53
32 32 79
29 29 62
11 28 45
36 29 77
35 31 76
6 34 51
19 28 52
40 32 92
32 37 77
30 30 62
11 31 43
41 38 81
7 27 51
6 34 58
21 28 63
44 28 82
45 29 82
37 38 85
27 34 79
24 36 65
26 32 72
47 30 92
15 36 58
7 37 54
21 41 70
3 30 37
3 36 51
32 35 86
21 32 58
15 30 49
47 35 86
17 35 53
47 33 92
34 34 74
44 38 87
31 32 77
41 34 79
22 33 73
20 40 73
25 36 77
11 42 60
45 44 90
4 43 55
4 44 61
17 35 71
2 40 56
22 41 81
14 37 62
38 37 95
50 43 103
6 38 58
29 38 73
34 44 84
47 39 106
3 42 47
12 47 75
35 38 90
34 46 89
31 46 83
27 48 84
41 47 106
31 46 86
35 45 94
19 40 70
7 41 49
32 50 92
9 43 55
46 40 93
19 42 64
50 48 103
38 51 101
30 51 86
43 42 96
21 44 67
43 42 100
3 45 54
8 50 68
27 42 77
2 50 62
14 55 74
2 48 61
8 47 75
34 47 84
27 50 88
34 50 99
39 53 107
16 45 74
28 52 95
25 56 92
48 48 115
23 49 90
50 47 109
14 51 74
25 47 87
45 51 115
33 54 94
19 59 90
24 55 93
18 50 81
27 52 82
9 53 77
45 57 121
18 54 75
44 51 97
2 55 70
30 53 102
27 57 87
47 53 101
5 58 70
48 54 115
34 56 106
2 51 61
38 60 104
35 51 104
46 54 110
12 54 84
38 58 107
20 61 92
37 65 120
21 59 97
17 54 87
11 64 85
2 63 70
49 61 118
20 61 87
47 63 127
14 62 82
11 66 90
43 55 108
48 55 119
13 56 88
10 57 80
44 61 106
36 67 107
17 63 94
43 66 127
1 63 83
40 67 120
13 68 100
44 59 117
38 68 115
9 63 77
9 70 84
18 69 89
26 62 97
43 66 113
35 68 104
16 68 89
30 62 111
2 68 90
23 70 95
5 69 91
24 72 112
8 66 85
20 66 95
31 62 100
49 63 132
24 73 100
19 65 102
47 66 114
2 74 96
49 70 136
37 65 109
15 65 89
7 67 75
10 72 83
26 73 117
16 74 95
36 73 120
34 70 109
36 69 111
25 76 106
14 67 91
19 73 104
37 71 124
14 67 89
41 78 125
29 68 104
42 73 132
24 80 117
50 77 136
41 71 124
44 73 120
26 77 108
13 79 109
3 72 78
11 72 91
45 77 128
36 80 134
34 74 112
8 77 103
30 72 113
44 79 139
46 72 127
50 72 142
38 72 130
13 78 108
22 84 117
50 83 152
46 83 133
22 84 121
35 74 126
4 78 93
1 85 94
3 74 93
34 81 121
1 83 95
31 76 119
2 80 88
5 79 104
18 84 114
17 78 114
22 76 112
44 80 132
11 89 107
10 78 102
24 77 120
18 84 119
19 84 113
44 82 134
14 86 116
12 82 114
27 84 122
29 91 127
18 89 108
45 80 144
48 87 137
18 84 103
40 89 145
24 88 120
10 84 102
2 85 96
16 89 112
6 85 99
43 89 149
16 90 117
27 84 115
15 89 115
2 90 94
26 85 119
46 92 148
45 84 138
35 84 124
18 87 108
16 91 125
21 86 117
47 87 149
50 93 147
47 92 147
28 94 131
3 92 101
35 97 139
32 94 131
7 90 105
50 98 162
38 95 149

