400
258 1134 39886
1459 59391 134486
1687 7231 78733
202 526 27612
7611 13627 60001
1118 31384 70125
1131 6228 18751
910 32827 35431
150 107976 130568
496 22708 113836
52 12614 130080
7676 82601 154985
1484 109076 112169
817 56508 91873
1444 41955 52952
377 11399 47792
8458 11988 141555
107 74229 119450
749 3362 30373
5910 5790 50499
873 83481 140679
798 27243 59617
720 32797 43964
31 104437 114537
1876 59467 139654
281 76653 100280
614 11748 20949
1510 38319 89723
9798 4539 51756
1077 2316 31437
5934 13828 42235
558 13899 114455
1521 12812 75664
1256 105195 118484
1389 6206 29020
557 5205 10464
1141 40905 79399
146 140549 143250
15 9178 27462
7297 45846 97419
1228 2262 65944
303 100637 115765
1270 56511 96813
618 50202 83010
242 4102 61232
1541 69587 142684
257 29513 93549
870 36267 62828
798 50653 79976
974 40938 98022
482 34711 85116
1857 5387 14859
1224 82214 108429
558 22516 68681
523 62442 104343
1330 21848 44507
513 83138 130179
633 36727 46259
82 45117 50984
279 99427 120780
970 1174 14693
1814 55298 81648
1870 21486 100301
2553 33761 141717
135 4872 26679
1483 68141 135259
5225 62069 87150
1204 80914 113267
997 89402 135020
1180 88254 105149
229 3398 17315
49 20830 129249
453 3248 31761
778 1819 9593
1346 25574 127064
1383 77385 87256
1567 3147 5761
329 5605 27163
87 27652 115281
964 1145 14724
1467 127253 140855
961 19151 24351
35 55536 90147
949 28929 92379
916 16411 47316
188 236 3369
671 26410 34048
472 54119 59121
928 18406 64910
1317 12589 53911
2082 33716 122922
1394 19149 26892
620 1740 2896
1502 7478 60262
859 70657 102304
2484 13943 136878
403 125927 143296
7691 74988 106378
1665 18756 28552
1490 464 2359
1504 88090 136760
1456 76766 102272
671 65987 85999
937 86065 107023
4307 78365 145366
116 2735 7665
1706 12341 38637
814 6764 18866
241 1792 8933
1173 10385 131632
26 1193 64041
13513 6476 46125
14923 43620 108911
1446 41736 69639
629 6984 10958
1250 33639 43008
961 21355 82111
539 61666 88213
1584 3755 52265
508 23307 39647
3068 48120 64156
346 19226 66420
1472 17869 20591
1357 9163 123033
1033 37499 105628
109 99057 112712
87 77457 78946
1451 32601 57496
775 12431 30066
4943 40885 117019
1096 46979 54990
738 21383 118177
455 16815 32905
1006 30438 67353
661 1597 104508
1151 5662 13594
4704 488 19355
6403 15875 33432
48 6342 19501
111 7673 8683
552 14036 30640
1774 24264 57947
11360 3223 27467
974 58929 129533
1489 5975 22508
466 33257 113950
1631 45481 77388
1483 41631 95236
3710 39904 89548
973 83803 137608
807 20486 35337
1402 46037 78461
238 4887 105830
87 17303 48772
1669 50469 93446
1460 74318 85636
2080 1493 53179
1124 56784 91373
1092 16556 40808
1037 103034 128388
526 78479 87379
438 126697 129265
1347 27500 122105
1264 13444 109536
1355 86379 91305
1181 68660 121064
1233 6468 117098
262 8556 38083
6234 24549 80954
493 136112 143336
295 9007 22912
364 37573 80407
223 99700 114934
785 89804 126047
1074 5840 16600
398 10632 21016
860 9779 74503
7208 45346 73471
989 10762 56903
1844 49617 95773
1226 4612 12649
833 1935 9043
658 121135 128785
101 24312 97292
1700 2808 17356
429 3082 5015
1063 30739 71262
124 31768 88845
419 25078 61489
1098 8210 123386
1508 120707 132522
1119 44272 145531
1252 49911 115418
1797 49381 111258
433 294 8588
639 111353 125819
8148 0 12438
255 214 9804
4000 8232 127619
740 37046 136560
618 29007 33077
783 58697 71813
3647 70 11267
3 5316 114278
388 3774 39181
677 14539 30109
304 70979 143476
1141 74291 138275
1498 128907 134095
561 33772 105776
1493 1384 62952
492 5689 48959
1725 9130 23576
1364 18548 34669
1559 0 2314
1787 44783 67506
1442 12190 82370
1235 30820 58810
1106 17326 93185
14346 50083 127603
791 4163 48487
292 75035 143813
734 60191 144394
57 23159 42755
832 14209 17726
526 35343 39891
1275 7849 14956
104 1052 95717
420 70465 115633
3698 97702 115461
1121 17238 19165
879 37189 132774
565 37353 63896
436 8293 94279
1141 124243 146515
612 36600 60916
239 903 8816
1656 3201 12272
597 71220 79844
66 68835 85478
709 23512 34958
1286 27895 140061
348 2286 110001
200 67425 127943
1444 27736 46697
874 14432 73230
390 823 33480
809 10606 51961
1021 48064 97162
265 22835 127636
2464 19108 99352
284 35521 43696
1108 37978 76994
1110 31437 74303
1309 29188 89918
392 67075 134934
740 19161 101967
471 28828 130367
675 81375 141333
867 32855 42526
514 24753 39162
1515 22696 25335
1653 5502 50190
756 4113 5162
683 43615 120481
1891 78105 117573
35 36478 82249
1524 4513 12218
740 67359 75289
1897 84388 109375
1032 48299 68354
282 83345 118509
575 52816 110076
1602 49546 83451
1349 6302 25999
1752 41917 128557
1416 123247 133937
1031 14222 37646
1259 24048 37242
1063 23441 40632
246 14324 31723
1331 61471 143378
1552 19700 48006
170 11371 13468
6282 3219 17994
666 97422 101150
1499 92817 122254
398 31621 38898
1826 82158 127259
1197 42037 72416
1112 8469 83843
10405 23920 83020
651 73967 84447
5985 2832 29169
6421 74975 132968
1814 465 3866
3623 7322 23288
1435 6724 73356
556 23630 32207
695 23231 49554
867 23475 56028
1064 22941 114146
37 32811 43040
51 104199 104817
2881 30242 42182
31 1971 32983
1623 79952 113246
4341 88901 111091
1687 64664 80924
667 62987 85869
1356 43717 146701
1427 11519 27481
788 94447 123867
1786 2956 7748
616 60013 66095
1768 21093 61264
1757 15555 149423
826 1408 4645
185 6075 10088
1535 1411 8248
91 3315 4091
1357 1878 6767
1084 64805 98660
1313 87242 95899
1462 62286 103804
684 0 1177
1285 37276 138595
1163 4656 10195
204 4561 69876
19 104415 141829
318 9861 13990
1221 39837 100837
61 41562 72926
3736 0 6039
203 32477 110255
1121 28370 71173
1506 45078 88767
236 49288 74466
565 47301 53618
685 40458 69180
1701 53101 55891
53 19340 22518
478 98792 141126
14 1844 5067
1337 8937 20662
1436 91048 130306
806 3803 15653
1684 9610 32300
343 5818 53989
695 5087 47777
110 62037 84420
1 1320 33299
1318 11372 49823
729 40278 44811
384 19632 61911
243 103791 143363
952 53071 140831
1462 85360 100006
967 8731 21820
46 20296 29108
189 11243 24750
856 20952 36850
82 26690 42890
1722 80936 119986
3269 29731 66386
1187 3119 86594
6629 32051 153189
129 2156 3257
625 14770 50477
813 108949 116699
1562 54479 81337
11858 15652 67017
4718 96070 121937
1041 12033 15381
1853 1090 107798
1115 124286 144745
1480 1488 45831
728 31863 33728
308 108521 136364
11626 43829 92454
897 9444 41430
488 104711 107650
714 11841 23123
546 2582 5876
3717 64936 134897
994 4931 6519
1287 63093 125153
4669 39972 72351
1630 53986 64230
406 23526 39657
1346 4174 124688
754 92187 120259
1119 40393 110009
81 126436 133764
517 97745 118813
882 50354 52240
1296 22055 65825
1035 73296 103721
1112 30200 41701
974 3534 13437
