350
1298 5841 39693
1791 20913 32235
1195 14017 26568
915 15470 20799
846 14931 63569
3639 71591 90698
1101 49565 81722
630 76438 87975
3203 28125 49046
1095 12378 14904
2475 16753 59172
1738 1737 113764
1801 32751 38027
2051 16642 96557
1795 5162 89999
1334 21502 51398
551 6760 20503
1209 17358 23471
775 12014 100421
1801 20090 66445
2139 8758 11763
1037 15783 19422
2493 17422 24000
476 55543 57114
1538 12382 53066
1011 2660 15493
1687 17765 46459
1406 6625 30119
378 75388 85024
2401 16234 64465
1559 71578 94746
1160 25832 73461
1037 254 3584
1453 4098 43324
182 69877 94272
5 6623 94259
506 4835 7106
666 17821 75161
2512 38416 45074
2070 14984 19149
2004 10153 62584
1526 38342 100124
1861 55465 64049
1911 3618 35958
725 5834 12569
1403 82683 110938
1689 4522 12084
178 42532 69999
1024 2219 13168
739 40846 52585
2085 5116 47465
1543 72704 80392
15 19628 39195
2252 17716 56835
746 4956 74123
1765 782 9703
1506 20199 28885
840 64181 75024
146 38026 66113
1696 23730 38319
373 4742 9684
135 3199 84470
604 34417 76482
288 1828 57436
2030 9561 12510
689 32935 52939
1067 50889 79908
142 104024 109306
1981 8731 22852
1310 32887 108714
2454 6040 10629
431 1473 5223
2549 29535 113318
316 90809 108038
1585 42087 92382
1084 8656 12807
303 55677 87896
2991 36578 43572
1482 3018 25078
1885 81470 107865
604 41002 48588
1197 7018 60206
792 46280 82487
1566 418 16226
221 74241 104011
520 80929 88463
2372 39350 68694
403 19379 43340
2485 55758 108644
824 32039 34081
1623 46599 77012
1153 18398 33226
1659 593 81606
1402 40728 67025
3130 8632 16018
724 42154 50172
911 40205 55919
98 6139 67057
35 23924 57119
1080 75852 92758
1979 10267 19052
858 21937 89499
814 11854 19707
2836 47377 108725
761 99432 108382
2315 25665 30318
1122 20301 49122
796 23034 27554
333 24763 44377
947 73078 95905
2233 19397 43500
2123 65973 106980
1527 5207 50406
70 26765 48447
988 60428 95543
7 37604 95201
269 452 17053
481 74477 95688
1806 49154 52090
490 26433 65672
1769 479 3263
257 56910 113128
206 12517 74997
413 16318 74259
1476 33747 54902
1478 1515 5533
1468 6776 29369
1461 17066 35524
368 9482 21911
723 26105 77338
2061 4239 8222
1208 43637 99636
2011 66277 73159
1865 55042 85425
2253 62255 93514
730 62281 94232
1513 12540 55100
1818 7907 18989
1077 1073 2873
1439 41467 71003
728 37601 69398
142 10542 22916
220 4823 33997
1587 18296 48024
1473 574 74754
1701 22794 58988
784 51044 61784
1753 4945 30194
2488 29808 87678
1846 9740 36654
1373 57376 75900
86 28757 37975
483 30548 82993
510 47717 69465
1916 59416 85278
1341 53787 96962
1046 2990 31254
577 60958 84852
688 6239 16294
2652 17071 22462
386 40214 93222
1242 33796 64950
1096 36673 43823
1442 43409 76460
547 20686 88445
1325 9846 32121
1664 90851 111813
2016 1179 5160
3353 23839 33286
1213 20052 113697
1597 1732 15345
761 8081 13826
3058 2529 11620
1493 65103 71557
1594 23972 73834
2222 14816 103771
2391 17031 80222
876 49834 53836
1723 28464 57910
1909 32750 86210
609 59902 73110
1135 6674 14358
1710 47896 106807
915 349 4444
107 3081 18825
40 2779 4695
2367 68025 100051
1772 7980 43139
1355 432 2421
1053 17849 22080
1355 3007 5546
31 21315 29681
58 24358 67109
68 23735 101264
1032 59879 86562
1113 14965 45523
635 35663 60622
1472 58235 84045
968 23179 27439
1725 36223 51727
813 19849 72434
718 11767 19792
1109 2514 78539
658 11135 31944
1814 26761 47682
2331 5255 22685
1018 8379 72673
1854 22724 111013
2336 43985 69103
1010 1005 44223
81 11320 39435
570 29091 87596
1497 29705 84832
2058 15021 91675
1885 8864 70576
2533 75685 93609
1571 97375 101644
448 0 1511
848 75496 98145
2833 61971 105245
143 31475 43779
1360 85550 96496
1287 11863 53577
1628 30590 49839
1382 50276 54642
1501 12404 62456
1779 6765 41327
1783 66671 79024
1016 11327 59932
1731 18813 45859
2470 22919 39572
897 45684 95642
414 10413 17051
568 18821 99384
2676 9497 74801
2419 89428 115734
892 26495 34904
814 31738 93376
2032 9014 26552
2577 41741 78410
1694 56350 58687
3309 2118 19231
890 11234 20860
1016 61311 97618
2957 19552 101440
1192 72065 112808
181 73401 99035
2175 50723 106374
2205 2590 9545
2404 3794 7001
494 10473 101442
1892 14615 41119
3495 43567 54701
241 56895 84627
1616 353 20514
409 31021 94190
1941 13598 51997
1329 17319 25004
259 5201 15668
441 77246 79390
1212 39364 100933
1296 15797 62309
2399 11940 27674
648 12280 26213
280 79373 105159
1048 0 2184
3002 91 5088
1068 11849 40521
1638 83593 86895
967 42217 88292
1746 24423 105185
1195 2082 6679
155 29782 71123
1908 44793 57026
1535 7368 64068
575 34165 74129
3126 76396 117273
1315 41710 102953
1429 56699 90714
2409 76015 78807
1921 1663 33557
322 26669 36022
402 10370 15056
2363 2244 7631
2428 11323 35123
2260 77724 83498
1144 11724 103651
1311 2434 25211
3525 32177 38641
1719 2973 6591
2351 5362 81178
47 26311 64675
1383 39039 65171
1083 6571 31840
1273 7984 92078
669 0 1828
2509 65147 112066
731 19417 22103
162 58585 99764
813 42924 88745
625 18010 47738
1825 52647 90238
599 73152 110767
1408 0 1815
1164 3339 17235
1084 13502 27652
986 91120 113353
1565 52263 71091
897 31656 97187
2868 46259 59803
2223 11374 69284
89 2313 10577
2291 18686 97527
234 2038 5676
476 12296 72099
896 67623 110913
725 19296 65415
1521 61974 66832
1744 23819 69272
2743 36891 57092
1591 23886 103154
1141 44457 104595
314 43294 75863
387 58360 84952
2079 4102 26764
337 6252 35961
361 8449 12401
1089 24397 39582
1228 25580 84394
1938 3598 49004
992 17602 40578
2473 23393 30875
681 16482 82545
2245 53802 115580
1540 38763 97946
252 312 103778
827 27880 82750
1352 65952 81208
1282 103188 109177
1528 31315 70795
151 2561 5958
3256 16605 67326
1404 3133 10712
517 102647 111942
206 4753 5401
1229 18622 61271
2185 89609 102438
661 36893 49002
762 2099 14648
2240 6447 36870
