300
22 5 32
30 10 58
6 9 33
40 1 52
17 5 27
35 2 43
30 1 46
46 2 54
47 5 61
14 11 43
17 4 30
11 9 25
17 8 35
43 11 62
39 10 69
43 14 58
26 14 43
33 10 60
41 6 48
35 8 50
8 11 34
37 7 58
42 15 67
37 6 53
26 12 39
3 16 25
1 16 18
6 12 30
25 12 44
16 8 26
46 11 72
44 12 74
21 17 42
1 17 35
15 14 40
20 18 54
27 14 43
25 14 46
2 18 36
43 20 73
4 13 26
7 16 33
22 14 52
46 14 77
43 20 79
47 17 79
41 21 68
15 17 40
37 13 64
8 18 34
40 15 67
20 20 45
7 24 45
40 21 66
37 17 71
1 17 27
13 24 56
41 23 81
48 20 78
39 15 57
25 15 52
8 25 50
50 17 83
15 21 44
38 25 82
40 19 77
14 21 46
1 23 33
8 26 39
23 19 60
24 18 52
15 17 40
20 21 46
38 27 84
17 26 45
15 27 57
33 30 83
17 21 46
18 21 42
43 28 88
15 23 53
34 26 64
31 22 63
12 21 48
18 24 51
16 26 56
6 28 48
12 27 40
31 32 75
42 30 83
1 25 32
7 24 35
46 27 91
32 27 66
1 24 35
49 31 94
35 33 79
9 29 56
45 33 88
23 33 65
15 31 52
32 36 80
7 36 60
49 26 91
27 28 74
5 37 44
13 30 61
32 36 81
39 34 84
8 39 50
22 29 58
9 27 49
39 29 87
31 35 76
31 33 72
24 32 76
35 35 82
6 40 49
13 33 54
18 36 57
40 38 93
22 33 69
8 31 57
2 30 44
46 35 92
7 40 51
50 31 100
14 33 51
13 32 46
47 39 95
48 33 86
27 38 77
25 44 87
22 33 75
42 37 83
37 44 87
17 44 69
47 35 88
45 37 87
14 45 78
19 46 69
11 45 69
4 36 52
34 39 85
50 39 103
34 38 83
35 39 91
24 39 74
39 46 101
33 41 75
4 48 67
35 46 98
27 42 75
15 42 69
22 42 68
25 46 82
17 50 83
22 42 72
41 47 96
20 40 76
30 41 81
14 44 62
31 40 76
30 50 92
50 42 105
1 50 65
3 41 60
48 41 92
48 46 102
3 49 70
11 52 82
11 47 78
42 54 112
38 50 96
3 48 68
49 45 112
26 50 89
22 44 84
37 48 102
3 44 61
27 48 78
4 46 65
18 51 78
19 56 87
30 46 79
8 53 68
2 54 75
10 49 76
50 53 114
40 49 106
44 53 109
41 58 100
48 56 106
42 52 102
10 58 75
38 54 108
23 52 85
12 58 72
25 49 89
4 59 70
47 53 101
17 52 72
38 56 111
42 61 116
48 62 112
14 60 77
10 63 87
24 51 88
4 56 70
11 52 75
1 59 73
24 59 99
5 60 72
48 62 126
35 57 95
28 53 92
37 65 104
17 61 90
20 56 96
6 66 85
19 58 81
48 61 110
37 57 95
2 66 86
26 68 114
31 62 102
13 59 74
33 58 108
13 62 90
39 67 110
28 65 100
24 60 89
17 63 91
40 64 115
13 63 92
46 64 118
18 65 92
14 66 90
13 64 93
3 64 85
2 68 73
30 62 111
14 69 92
25 60 101
31 63 103
15 62 88
41 61 114
6 62 69
25 62 104
30 73 115
9 62 87
20 67 99
6 67 92
29 67 106
35 70 110
18 67 88
37 72 110
49 75 126
1 72 79
42 74 135
42 70 123
28 65 108
37 76 122
31 76 117
15 78 102
42 67 115
27 76 111
21 73 95
14 78 108
21 68 100
1 67 74
38 72 124
34 78 118
12 72 87
23 78 111
15 73 103
19 80 104
37 69 120
15 70 97
14 69 100
33 70 115
31 73 117
46 73 124
25 80 106
36 71 112
48 79 137
13 79 97
40 80 139
2 72 88
17 74 93
43 73 128
9 75 85
17 79 102
29 74 121
11 80 107
49 82 146
9 74 87
42 83 126
17 81 118
17 78 96

