100
72 552 631
56 324 389
111 263 374
93 338 434
79 454 539
26 352 390
26 332 361
43 390 440
22 339 361
53 58 121
42 272 320
79 399 478
35 228 266
101 32 142
103 151 255
44 440 486
134 166 307
142 489 635
149 292 452
85 471 556
95 3 103
111 323 445
67 238 306
122 155 283
362 505 874
89 75 171
90 321 419
46 140 200
82 157 242
20 530 550
61 293 370
85 189 288
99 144 255
136 558 703
97 79 176
21 556 578
75 51 133
71 137 218
142 241 385
72 15 90
118 393 521
116 268 391
41 179 220
56 219 286
49 307 359
41 69 122
68 502 576
39 405 452
46 56 110
492 319 823
138 50 195
71 508 586
25 324 350
23 8 33
143 129 275
41 238 282
81 66 152
110 477 604
139 513 659
139 548 691
23 533 564
139 226 372
129 5 134
94 196 292
43 441 493
110 555 669
118 423 547
93 111 218
93 216 313
87 241 345
99 560 662
48 227 276
123 341 473
142 510 663
1 351 359
90 534 631
50 386 437
118 112 235
74 347 432
75 318 406
37 334 372
100 173 281
40 207 253
71 112 187
20 494 516
93 395 495
98 124 231
55 373 429
82 499 598
106 296 411
114 23 149
35 340 389
60 420 483
85 403 490
81 45 133
138 430 572
82 338 422
139 409 562
42 282 337
367 415 789
