200
71 226 310
27 3746 3778
88 3405 3511
73 2057 2137
6 3588 3594
29 3389 3423
67 486 566
57 2684 2749
41 1741 1788
84 3211 3306
24 3374 3400
30 52 87
46 1900 1952
63 436 505
41 412 460
25 2661 2690
41 3841 3890
22 2947 2971
68 2232 2308
47 3480 3537
25 2985 3015
93 1786 1891
80 752 842
35 3806 3848
9 465 474
52 7 65
28 457 487
50 1174 1235
36 2413 2454
32 1284 1321
3 2415 2418
8 3567 3575
31 1143 1177
67 2680 2756
90 3743 3850
91 3048 3150
11 2101 2113
14 2127 2143
69 2886 2969
59 1584 1650
49 1358 1413
40 3497 3541
38 2167 2211
5 2316 2321
98 1756 1876
46 1780 1831
19 3550 3570
71 1190 1270
26 31 59
59 3769 3833
79 1978 2071
63 3408 3481
61 913 987
28 2389 2420
77 2446 2534
42 533 584
32 3758 3793
57 813 877
86 2463 2567
79 3178 3273
94 2231 2346
23 3665 3690
30 642 677
74 1222 1305
41 2348 2394
66 3676 3754
83 3170 3265
22 3128 3154
48 1675 1730
29 3401 3435
61 3648 3718
74 754 835
72 2928 3013
46 997 1053
86 494 600
15 2428 2444
97 1126 1235
88 1839 1943
93 2585 2698
3 1332 1335
87 1877 1977
76 2436 2522
93 1656 1764
13 170 185
10 914 925
45 3521 3571
90 3715 3814
83 3256 3349
43 2657 2709
6 1286 1292
67 1228 1305
82 298 395
99 2673 2792
96 1387 1501
89 3540 3639
41 388 436
4 188 192
91 1122 1228
13 2960 2975
47 2633 2685
40 2202 2249
78 2525 2618
34 337 375
18 997 1016
33 1473 1510
20 3775 3799
80 1840 1937
82 1393 1483
78 1297 1382
65 2536 2613
53 565 626
67 2704 2777
84 1384 1479
75 753 843
10 2987 2998
94 1739 1853
37 674 714
39 0 45
9 3121 3130
31 2084 2119
41 1898 1943
35 899 940
41 786 832
84 640 735
99 3320 3431
24 754 782
47 873 930
71 411 490
25 3846 3875
80 1271 1368
62 733 805
87 1893 1988
90 3266 3366
73 2535 2619
87 3061 3165
93 975 1090
82 1864 1958
94 794 897
12 830 843
9 3432 3441
99 399 520
11 3548 3560
59 449 519
85 2307 2402
13 3831 3846
51 2629 2686
41 304 353
2 454 456
14 2477 2492
18 3134 3153
59 2507 2577
93 1929 2032
99 3917 4028
20 1081 1105
20 3078 3100
84 3574 3677
21 2739 2762
53 2830 2890
99 2379 2501
93 3752 3855
3 2220 2223
85 1632 1736
56 154 215
18 3349 3370
100 894 1007
40 1582 1626
43 1035 1086
95 1698 1806
3 1697 1700
22 2043 2069
74 1645 1733
5 1588 1593
62 3820 3894
60 2075 2148
28 3890 3924
34 1458 1498
92 812 922
51 1904 1961
3 1409 1412
38 382 428
49 1616 1673
46 2562 2615
79 2635 2731
23 2573 2600
33 3231 3268
64 3274 3352
46 1754 1804
24 2827 2856
44 213 264
81 3645 3737
53 1950 2008
76 3052 3139
29 3365 3399
37 3320 3363
6 1337 1343
10 3813 3824
81 2629 2724
45 1733 1788
94 220 334
16 910 927
