500
29 7 44
23 7 42
30 3 38
47 4 59
32 5 39
30 8 41
40 6 48
41 1 60
33 9 52
33 13 56
36 12 53
26 7 48
25 4 47
23 3 41
2 14 28
7 4 27
50 15 77
5 5 15
20 10 35
13 10 38
42 13 58
25 16 46
45 15 73
5 15 25
48 6 58
4 12 33
1 9 15
22 10 47
30 11 51
36 17 68
12 19 37
45 11 58
16 11 42
3 19 42
42 15 74
4 18 38
40 9 64
5 21 27
12 10 23
8 16 31
26 21 62
33 17 62
35 20 65
41 16 77
42 19 62
49 15 74
30 14 48
20 19 50
37 22 74
1 16 36
40 23 71
7 15 38
49 24 89
1 14 31
4 21 31
24 25 50
36 26 73
13 17 33
44 24 88
46 22 78
29 20 52
12 24 43
18 20 41
49 24 76
24 19 61
7 16 37
1 28 42
22 16 41
7 20 34
49 29 81
28 26 74
2 18 29
19 24 57
34 28 68
31 23 74
6 24 45
50 24 85
50 26 84
29 29 61
37 29 71
37 21 62
37 21 72
44 22 84
8 25 38
37 21 76
3 27 36
45 30 85
18 29 53
16 25 59
18 24 43
2 26 38
11 30 51
43 30 75
2 35 39
28 29 72
4 35 45
11 27 39
30 30 77
23 25 51
31 25 68
26 28 69
31 35 83
25 28 56
7 36 57
47 33 91
7 32 57
15 38 54
16 36 65
34 28 73
19 32 58
5 38 47
11 30 50
4 36 49
30 31 71
46 38 86
5 33 52
2 29 37
48 29 96
16 40 59
41 37 87
1 40 52
26 39 79
12 35 49
40 39 92
10 36 54
15 32 63
16 34 60
30 31 65
39 42 94
50 39 91
3 44 62
37 35 77
34 34 84
5 40 59
17 45 82
20 39 67
13 43 67
4 37 43
34 35 79
4 39 56
39 47 97
37 40 88
31 37 85
46 39 100
38 47 94
27 48 92
46 37 85
1 41 55
15 45 70
19 46 83
23 41 72
42 37 86
44 42 91
8 44 53
12 38 53
26 38 65
18 49 85
20 50 72
14 45 64
34 41 85
41 52 96
34 42 91
4 47 64
42 44 94
16 47 70
40 47 90
10 47 65
8 50 72
37 51 92
1 45 52
44 53 116
25 42 73
32 46 90
7 45 55
8 46 58
13 53 69
25 46 86
40 46 94
42 48 110
11 52 66
15 54 71
4 53 61
10 51 65
41 56 116
15 55 72
48 55 108
9 48 72
40 49 105
15 56 80
13 51 72
2 48 57
10 54 67
40 57 103
37 57 114
34 53 88
26 50 79
3 56 67
24 58 86
8 51 65
1 55 69
25 58 101
25 56 91
16 60 95
34 61 109
33 53 89
22 61 95
24 57 87
2 62 75
38 55 96
44 61 107
29 58 88
21 64 102
43 64 120
15 64 82
47 54 110
23 59 88
39 59 101
21 57 93
3 56 69
4 59 82
4 56 76
30 65 98
19 67 105
3 58 74
34 67 107
44 66 122
41 56 107
28 66 95
34 68 122
50 57 118
4 63 71
20 68 99
4 58 82
3 67 76
4 63 85
11 63 76
10 70 82
33 71 108
10 62 73
24 67 105
44 61 118
9 68 88
11 60 85
26 66 102
16 66 102
46 63 112
46 63 112
31 67 116
7 64 76
36 73 118
10 66 79
3 73 85
20 71 101
4 72 80
7 67 77
17 63 86
48 64 128
34 67 105
13 76 95
24 73 103
50 67 134
49 65 133
4 77 87
14 68 88
18 72 94
35 68 121
25 72 114
36 71 120
20 69 105
35 73 121
43 74 130
48 77 130
5 79 86
47 80 144
35 73 118
11 68 89
36 72 119
8 78 105
9 69 88
46 72 129
44 71 119
18 71 96
20 71 101
35 74 110
27 74 107
37 80 133
44 82 145
2 79 101
43 77 133
20 78 109
25 83 115
13 81 107
18 73 92
44 79 137
36 82 132
11 77 92
21 75 116
21 83 107
18 81 102
48 76 133
22 84 113
34 86 123
23 87 115
19 76 104
26 84 113
50 76 140
1 80 98
10 84 96
14 87 119
46 84 149
12 78 102
15 79 105
3 87 101
14 84 100
36 87 139
16 85 117
37 80 123
8 87 107
18 91 124
50 80 148
50 83 135
50 90 155
29 91 126
15 88 123
45 87 145
23 83 119
3 89 111
43 92 141
20 92 116
36 90 145
26 91 125
20 82 121
36 88 138
39 88 136
12 85 101
1 95 115
35 91 136
42 92 138
35 94 131
29 87 132
14 92 107
3 91 107
18 87 110
21 90 121
37 86 142
12 90 112
42 87 140
1 95 112
10 92 120
46 92 156
30 97 145
31 89 133
7 99 114
15 92 117
22 88 128
37 98 143
49 91 145
18 94 131
49 101 162
48 96 161
24 92 127
3 96 106
19 100 130
4 100 108
41 94 144
39 94 142
32 93 131
10 99 129
18 104 125
32 96 148
38 103 142
14 98 131
36 94 135
13 94 122
31 101 134
41 96 156
12 105 125
44 94 141
13 106 124
13 99 118
47 100 152
13 95 122
43 98 151
12 104 136
49 97 163
16 100 131
33 99 141
48 97 149
17 104 133
32 106 144
22 99 129
32 97 137
12 99 118
7 106 128
9 107 134
8 105 127
2 107 118
12 103 134
30 107 138
38 107 148
41 111 157
47 106 160
16 100 132
11 110 141
7 104 117
23 107 133
3 112 130
32 105 153
30 113 155
11 111 124
2 104 110
46 102 158
11 115 145
13 110 129
32 109 153
9 113 139
17 114 150
33 109 152
8 115 130
9 104 120
24 115 140
21 116 144
26 116 161
27 117 150
47 112 161
9 115 135
47 107 171
25 113 151
44 108 162
22 113 153
45 116 174
17 113 140
50 119 177
50 112 174
31 114 158
21 113 147
7 117 143
26 121 161
13 117 150
6 112 129
28 120 152
40 114 173
18 114 147
16 121 148
45 119 174
48 118 182
37 113 158
29 111 151
35 113 159
35 122 168
12 119 140
29 114 149
7 119 144
22 122 162
31 119 161
6 117 124
46 114 177
45 115 176
43 122 176
21 124 165
8 119 132
48 124 173
42 115 162
46 121 183
32 116 152
14 124 142
36 119 165
11 122 144
21 117 143
18 122 144
26 122 158
32 117 152
17 122 149
10 118 129
28 126 159
41 130 188
18 122 155
3 124 133
11 127 151
24 122 156
29 122 158
39 121 177
3 128 146
39 128 168
22 124 147
10 125 146
2 125 143
6 129 153
8 124 147
46 123 171
11 129 157
39 126 176
23 129 159
5 129 135
40 126 174
23 127 168
50 133 184
41 126 181
20 126 151
9 128 151

