300
93 1125 1232
146 476 630
70 1438 1510
91 1192 1297
74 416 492
52 1484 1544
139 1345 1495
112 495 613
67 739 815
127 1356 1486
129 767 910
138 1079 1229
121 462 594
79 1670 1755
140 923 1078
87 1603 1696
134 1164 1298
87 1121 1214
82 333 425
60 360 430
84 1302 1391
35 439 482
57 917 980
89 575 664
48 784 848
51 383 436
124 462 586
126 428 564
48 318 369
121 1162 1283
63 373 438
23 369 397
122 198 334
132 1141 1285
105 1229 1344
126 349 490
131 7 142
146 1467 1613
110 416 526
91 1465 1566
55 229 290
66 112 179
112 573 691
38 751 790
52 841 902
108 809 921
64 139 205
116 1188 1314
72 498 571
135 1308 1446
123 809 938
85 1408 1494
90 980 1075
50 234 299
73 105 186
77 686 767
109 1273 1395
130 863 995
63 407 484
42 33 76
78 1022 1104
32 916 955
84 176 266
95 1292 1389
84 983 1070
126 398 526
36 880 920
138 1035 1184
123 441 570
33 573 614
106 1595 1707
137 1411 1549
127 705 841
141 583 726
1 131 132
25 394 424
38 1119 1162
72 1547 1630
38 1507 1545
57 730 791
89 1569 1672
136 478 622
27 282 309
73 688 774
62 1122 1190
148 1404 1563
128 1199 1330
82 1213 1307
91 823 918
78 1 97
47 438 496
36 456 502
20 78 109
103 726 830
87 1359 1451
33 811 861
42 438 482
132 1530 1666
37 639 676
103 869 973
76 655 734
92 1635 1731
76 352 430
142 704 850
58 1495 1566
49 912 971
135 1051 1191
107 885 1007
99 183 284
45 226 279
55 1370 1435
25 497 528
90 279 376
93 123 219
123 991 1122
55 909 964
70 941 1020
109 1697 1808
41 638 691
96 1707 1811
106 1553 1677
63 1156 1232
95 1420 1518
80 222 315
95 1599 1701
147 964 1115
105 1413 1526
54 1256 1317
59 1424 1486
127 949 1080
133 1671 1813
55 1304 1360
54 908 971
85 638 727
131 75 217
147 1648 1801
80 125 210
34 1293 1339
34 908 943
33 209 253
32 353 397
40 314 359
133 1029 1171
66 597 673
42 346 390
42 1656 1709
96 177 278
77 1670 1753
130 1450 1586
1066 449 1516
52 1431 1489
112 797 919
82 23 115
111 1141 1256
90 1034 1131
147 1708 1857
33 49 89
146 1199 1356
145 344 494
66 923 992
61 947 1008
94 281 382
101 454 561
67 1472 1541
121 1260 1390
62 1466 1537
149 1190 1345
120 263 393
25 1701 1731
112 1394 1512
125 1205 1338
124 1390 1521
55 1689 1754
94 1005 1114
27 1459 1498
84 519 604
85 215 306
79 1603 1687
49 913 967
57 348 414
73 497 580
71 1038 1115
47 1530 1577
74 1533 1607
27 1294 1323
35 249 295
70 1270 1356
94 351 454
114 1160 1285
87 233 330
117 1395 1514
20 350 373
85 590 675
117 1475 1592
122 1048 1174
89 1181 1281
81 660 750
122 601 730
31 1171 1203
23 61 87
43 1107 1159
71 657 730
90 767 872
115 725 841
24 673 702
77 40 119
76 822 903
138 733 879
103 1396 1514
26 514 544
82 1492 1580
103 160 266
117 286 410
108 1710 1832
143 426 578
140 1624 1766
66 466 548
47 636 696
60 178 250
106 1010 1118
141 195 347
74 838 923
26 818 846
88 1467 1565
623 1714 2349
144 1566 1717
124 1192 1319
59 1101 1165
87 1191 1285
121 253 382
88 1132 1221
23 1461 1498
112 157 273
67 793 861
45 247 295
34 379 419
21 904 926
130 1012 1153
81 1398 1487
69 353 427
99 1410 1521
108 585 695
81 539 622
141 1345 1486
108 463 575
25 1505 1530
34 1678 1718
53 739 793
126 467 608
124 1105 1235
132 846 978
42 1680 1728
53 276 339
82 1424 1519
75 874 960
31 1490 1526
118 21 155
65 94 174
22 1364 1391
121 1183 1311
49 857 909
38 1078 1128
138 300 442
36 1338 1387
34 1698 1740
22 13 43
119 1353 1476
55 365 428
92 707 807
94 1645 1741
141 293 439
30 188 229
134 1317 1461
127 919 1057
110 889 1011
147 1518 1671
80 488 580
83 1580 1673
68 869 944
82 1444 1537
129 1603 1742
91 452 556
83 633 727
113 85 203
139 1121 1263
66 1167 1237
119 1185 1304
49 447 507
141 1633 1786
33 472 520
65 358 434
106 809 923
127 1362 1491
110 215 333
39 1211 1261
81 331 420
119 284 414
65 915 981
126 1361 1497
536 449 995
