100
3 47 50
1 47 50
2 47 50
2 47 49
1 47 49
1 47 49
3 9 12
1 9 12
2 9 12
3 9 12
1 9 12
2 9 12
7 60 67
3 60 67
4 60 67
3 60 63
1 60 63
2 60 63
6 75 81
4 75 81
2 75 81
5 75 80
1 75 80
4 75 80
8 93 101
5 93 101
3 93 101
5 93 98
2 93 98
3 93 98
2 78 80
1 78 80
1 78 80
5 78 83
1 78 83
4 78 83
3 35 38
1 35 38
2 35 38
4 35 39
1 35 39
3 35 39
3 80 83
1 80 83
2 80 83
6 80 86
4 80 86
2 80 86
3 6 9
1 6 9
2 6 9
3 6 9
1 6 9
2 6 9
7 65 84
3 65 74
6 65 73
1 65 66
5 65 77
2 65 69
5 53 59
1 53 55
4 53 62
1 53 57
3 53 65
1 53 55
4 22 28
2 22 26
8 22 40
3 22 31
3 22 28
1 22 24
5 54 66
1 54 59
8 54 70
2 54 62
3 54 58
1 54 57
4 89 101
1 89 92
8 89 101
1 89 92
8 89 101
3 89 97
3 82 92
1 82 83
6 82 99
4 82 89
8 82 95
3 82 87
7 91 107
5 91 96
3 91 102
1 91 94
4 91 97
2 91 95
3 71 77
1 71 73
7 71 82
3 71 80