350
7 227 234
4 227 234
3 227 234
3 227 230
1 227 230
2 227 230
2 319 321
1 319 321
1 319 321
5 319 324
3 319 324
2 319 324
9 152 161
2 152 161
7 152 161
8 152 160
3 152 160
5 152 160
7 311 318
3 311 318
4 311 318
8 311 319
1 311 319
7 311 319
4 2 6
2 2 6
2 2 6
2 2 4
1 2 4
1 2 4
7 281 288
5 281 288
2 281 288
5 281 286
1 281 286
4 281 286
3 299 302
1 299 302
2 299 302
8 299 307
6 299 307
2 299 307
5 223 228
3 223 228
2 223 228
9 223 232
2 223 232
7 223 232
8 225 233
2 225 233
6 225 233
5 225 230
2 225 230
3 225 230
2 74 76
1 74 76
1 74 76
8 74 82
5 74 82
3 74 82
4 143 147
1 143 147
3 143 147
9 143 152
7 143 152
2 143 152
9 99 108
5 99 108
4 99 108
6 99 105
2 99 105
4 99 105
3 64 67
1 64 67
2 64 67
4 64 68
1 64 68
3 64 68
3 99 102
1 99 102
2 99 102
9 99 108
6 99 108
3 99 108
8 149 157
4 149 157
4 149 157
6 149 155
2 149 155
4 149 155
3 60 63
1 60 63
2 60 63
6 60 66
2 60 66
4 60 66
8 250 258
1 250 258
7 250 258
7 250 257
4 250 257
3 250 257
9 205 214
6 205 214
3 205 214
9 205 214
5 205 214
4 205 214
8 262 270
3 262 270
5 262 270
6 262 268
1 262 268
5 262 268
7 158 165
5 158 165
2 158 165
4 158 162
1 158 162
3 158 162
7 19 26
1 19 26
6 19 26
2 19 21
1 19 21
1 19 21
6 213 219
3 213 219
3 213 219
6 213 219
3 213 219
3 213 219
6 36 42
1 36 42
5 36 42
2 36 38
1 36 38
1 36 38
3 127 130
1 127 130
2 127 130
8 127 135
4 127 135
4 127 135
4 110 114
1 110 114
3 110 114
4 110 114
2 110 114
2 110 114
4 209 213
1 209 213
3 209 213
6 209 215
1 209 215
5 209 215
4 191 195
2 191 195
2 191 195
4 191 195
1 191 195
3 191 195
8 3 11
6 3 11
2 3 11
5 3 8
3 3 8
2 3 8
4 339 343
1 339 343
3 339 343
3 339 342
1 339 342
2 339 342
7 69 76
2 69 76
5 69 76
9 69 78
5 69 78
4 69 78
4 108 121
1 108 112
7 108 124
2 108 110
7 108 122
2 108 110
4 183 194
2 183 188
7 183 199
4 183 188
9 183 203
6 183 197
5 38 53
3 38 45
9 38 56
1 38 45
5 38 45
1 38 40
8 242 259
1 242 249
8 242 255
3 242 250
3 242 252
1 242 245
5 233 240
1 233 234
5 233 248
1 233 236
9 233 252
7 233 246
5 96 110
1 96 100
5 96 107
2 96 98
8 96 110
3 96 100
3 8 15
1 8 9
9 8 19
2 8 12
8 8 26
5 8 14
8 8 20
3 8 18
3 8 12
1 8 10
3 8 21
1 8 9
4 122 133
1 122 125
7 122 143
5 122 128
4 122 129
1 122 125
4 332 347
2 332 336
7 332 346
2 332 336
6 332 347
1 332 338
8 117 132
2 117 119
7 117 127
3 117 124
9 117 137
5 117 124
8 347 364
2 347 354
3 347 353
1 347 348
5 347 358
1 347 349
7 147 167
4 147 155
5 147 161
3 147 151
3 147 158
1 147 148
8 235 250
4 235 240
3 235 243
1 235 237
6 235 249
2 235 242
9 332 347
5 332 340
9 332 348
1 332 334
8 332 350
3 332 337
9 135 155
5 135 146
6 135 147
1 135 138
4 135 149
2 135 137
4 101 115
2 101 103
5 101 114
1 101 103
8 101 116
6 101 112
7 317 331
3 317 326
3 317 330
1 317 319
5 317 334
3 317 324
7 321 336
3 321 329
9 321 333
2 321 328
8 321 338
5 321 331
5 41 48
2 41 43
7 41 51
3 41 47
5 41 56
1 41 43
5 212 224
1 212 217
4 212 221
2 212 215
7 212 229
2 212 220
9 27 43
4 27 38
8 27 38
1 27 28
4 27 38
1 27 29
6 64 77
4 64 69
5 64 77
2 64 67
9 64 89
7 64 79
6 190 205
2 190 196
4 190 196
1 190 193
6 190 201
3 190 195
9 105 126
7 105 113
8 105 119
1 105 113
5 105 121
2 105 108
5 343 357
2 343 349
6 343 360
2 343 346
6 343 355
4 343 349
5 83 95
1 83 88
4 83 96
1 83 84
7 83 101
4 83 92
9 67 84
3 67 71
8 67 83
5 67 73
9 67 89
6 67 78
8 5 17
4 5 12