250
7 233 240
4 233 240
3 233 240
2 233 235
1 233 235
1 233 235
2 117 119
1 117 119
1 117 119
4 117 121
1 117 121
3 117 121
6 220 226
1 220 226
5 220 226
7 220 227
5 220 227
2 220 227
6 121 127
4 121 127
2 121 127
9 121 130
2 121 130
7 121 130
6 242 248
4 242 248
2 242 248
5 242 247
1 242 247
4 242 247
2 212 214
1 212 214
1 212 214
6 212 218
1 212 218
5 212 218
2 196 198
1 196 198
1 196 198
5 196 201
3 196 201
2 196 201
6 158 164
2 158 164
4 158 164
3 158 161
1 158 161
2 158 161
4 10 14
2 10 14
2 10 14
6 10 16
3 10 16
3 10 16
5 142 147
3 142 147
2 142 147
2 142 144
1 142 144
1 142 144
4 36 40
1 36 40
3 36 40
4 36 40
1 36 40
3 36 40
8 88 96
2 88 96
6 88 96
2 88 90
1 88 90
1 88 90
6 87 93
1 87 93
5 87 93
4 87 91
2 87 91
2 87 91
3 213 216
1 213 216
2 213 216
8 213 221
2 213 221
6 213 221
3 243 246
1 243 246
2 243 246
7 243 250
1 243 250
6 243 250
9 179 188
3 179 188
6 179 188
9 179 188
4 179 188
5 179 188
4 113 117
1 113 117
3 113 117
5 113 118
3 113 118
2 113 118
6 107 113
1 107 113
5 107 113
3 107 110
1 107 110
2 107 110
4 209 213
1 209 213
3 209 213
8 209 217
6 209 217
2 209 217
3 115 118
1 115 118
2 115 118
2 115 117
1 115 117
1 115 117
7 106 113
5 106 113
2 106 113
7 106 113
2 106 113
5 106 113
7 230 243
4 230 237
6 230 241
2 230 235
8 230 240
1 230 236
3 90 95
1 90 92
5 90 103
2 90 96
9 90 111
6 90 100
5 118 124
1 118 122
5 118 127
3 118 121
8 118 138
5 118 129
5 9 24
3 9 12
8 9 23
2 9 11
9 9 23
3 9 13
4 155 170
2 155 159
3 155 167
1 155 158
4 155 164
1 155 156
5 175 185
2 175 178
6 175 190
2 175 178
3 175 180
1 175 178
5 234 244
1 234 236
8 234 253
5 234 244
6 234 243
3 234 238
3 202 206
1 202 203
8 202 212
2 202 205
9 202 224
7 202 215
9 232 248
4 232 237
8 232 253
5 232 237
4 232 243
2 232 237
7 68 87
3 68 77
9 68 80
3 68 76
4 68 76
2 68 73
9 239 261
6 239 248
3 239 248
1 239 242
9 239 254
2 239 243
4 209 221
1 209 213
3 209 216
1 209 211
7 209 221
4 209 219
5 247 257
3 247 253
7 247 258
1 247 253
9 247 265
7 247 261
8 180 193
2 180 188
4 180 192
2 180 182
3 180 192
1 180 182
8 192 207
3 192 197
4 192 202
2 192 194
5 192 206
3 192 196
5 134 142
3 134 138
5 134 141
2 134 137
7 134 143
1 134 140
7 90 107
2 90 93
9 90 104
3 90 100
4 90 99
2 90 94
7 175 189
2 175 180
6 175 189
3 175 182
4 175 181
2 175 180
5 72 83
2 72 75
5 72 82
1 72 77
3 72 78
1 72 73
4 221 232
1 221 222
3 221 231
1 221 224
8 221 241
5 221 226
6 164 178
2 164 168
8 164 181
5 164 174