200
3 28 31
1 28 31
2 28 31
2 28 30
1 28 30
1 28 30
6 83 89
1 83 89
5 83 89
7 83 90
4 83 90
3 83 90
3 20 23
1 20 23
2 20 23
5 20 25
2 20 25
3 20 25
9 83 92
6 83 92
3 83 92
3 83 86
1 83 86
2 83 86
5 129 134
1 129 134
4 129 134
4 129 133
1 129 133
3 129 133
5 77 82
2 77 82
3 77 82
5 77 82
2 77 82
3 77 82
3 137 140
1 137 140
2 137 140
7 137 144
3 137 144
4 137 144
6 134 140
4 134 140
2 134 140
3 134 137
1 134 137
2 134 137
2 111 113
1 111 113
1 111 113
8 111 119
1 111 119
7 111 119
3 128 131
1 128 131
2 128 131
4 128 132
2 128 132
2 128 132
4 190 194
2 190 194
2 190 194
4 190 194
1 190 194
3 190 194
9 150 159
1 150 159
8 150 159
8 150 158
4 150 158
4 150 158
2 188 190
1 188 190
1 188 190
4 188 192
1 188 192
3 188 192
4 187 191
1 187 191
3 187 191
9 187 196
6 187 196
3 187 196
2 169 171
1 169 171
1 169 171
8 169 177
2 169 177
6 169 177
9 127 136
3 127 136
6 127 136
3 127 130
1 127 130
2 127 130
9 42 51
2 42 51
7 42 51
8 42 50
3 42 50
5 42 50
5 85 96
2 85 90
7 85 96
3 85 91
6 85 97
2 85 87
3 136 140
1 136 138
6 136 154
4 136 143
9 136 151
1 136 144
9 111 126
2 111 113
9 111 135
6 111 123
6 111 126
3 111 115
5 15 24
3 15 19
8 15 33
2 15 22
3 15 20
1 15 17
3 142 153
1 142 144
6 142 161
4 142 146
6 142 152
4 142 149
8 120 130
2 120 126
8 120 133
3 120 126
5 120 132
3 120 126
5 79 95
3 79 86
9 79 97
3 79 83
7 79 97
3 79 82
8 33 53
3 33 43
9 33 51
2 33 36
6 33 49
3 33 38
7 102 112
1 102 108
6 102 117
2 102 104
6 102 115
4 102 110
7 6 22
5 6 11
8 6 20
1 6 11
7 6 23
5 6 14
5 194 204
3 194 201
4 194 202
1 194 196
7 194 212
3 194 202
6 177 185
2 177 181
5 177 185
2 177 183
6 177 193
4 177 183
7 179 200
5 179 184
4 179 188
2 179 183
3 179 191
1 179 181
4 142 153
1 142 143
5 142 151
2 142 148
6 142 155
2 142 145
9 107 118
2 107 116
3 107 116
1 107 109
6 107 119
2 107 112
4 74 83
2 74 78
6 74 90
2 74 80
5 74 85
3 74 79
3 105 109
1 105 106