300
3 69 72
1 69 72
2 69 72
6 69 75
1 69 75
5 69 75
4 207 211
1 207 211
3 207 211
5 207 212
3 207 212
2 207 212
5 77 82
1 77 82
4 77 82
9 77 86
6 77 86
3 77 86
8 1 9
4 1 9
4 1 9
3 1 4
1 1 4
2 1 4
6 144 150
3 144 150
3 144 150
7 144 151
5 144 151
2 144 151
6 272 278
1 272 278
5 272 278
7 272 279
2 272 279
5 272 279
2 23 25
1 23 25
1 23 25
6 23 29
3 23 29
3 23 29
6 245 251
2 245 251
4 245 251
3 245 248
1 245 248
2 245 248
9 175 184
2 175 184
7 175 184
9 175 184
2 175 184
7 175 184
2 257 259
1 257 259
1 257 259
4 257 261
1 257 261
3 257 261
9 207 216
5 207 216
4 207 216
2 207 209
1 207 209
1 207 209
6 198 204
1 198 204
5 198 204
7 198 205
2 198 205
5 198 205
2 41 43
1 41 43
1 41 43
3 41 44
1 41 44
2 41 44
3 77 80
1 77 80
2 77 80
4 77 81
1 77 81
3 77 81
6 143 149
2 143 149
4 143 149
3 143 146
1 143 146
2 143 146
4 169 173
2 169 173
2 169 173
6 169 175
1 169 175
5 169 175
2 264 266
1 264 266
1 264 266
4 264 268
2 264 268
2 264 268
4 24 28
1 24 28
3 24 28
4 24 28
1 24 28
3 24 28
4 91 95
2 91 95
2 91 95
9 91 100
7 91 100
2 91 100
2 143 145
1 143 145
1 143 145
3 143 146
1 143 146
2 143 146
5 218 223
1 218 223
4 218 223
3 218 221
1 218 221
2 218 221
6 36 42
2 36 42
4 36 42
7 36 43
4 36 43
3 36 43
8 99 107
4 99 107
4 99 107
6 99 105
2 99 105
4 99 105
3 36 39
1 36 39
2 36 39
6 36 42
4 36 42
2 36 42
8 266 274
2 266 274
6 266 274
3 266 269
1 266 269
2 266 269
9 35 49
3 35 45
6 35 48
2 35 40
5 35 49
2 35 40
6 143 160
2 143 149
7 143 158
4 143 151
3 143 154
1 143 145
6 166 174
2 166 173
4 166 176
1 166 169
4 166 172
1 166 170
3 56 61
1 56 57
9 56 72
3 56 59
3 56 69
1 56 57
6 162 174
2 162 169
8 162 178
3 162 172
8 162 175
1 162 165
8 51 68
2 51 55
5 51 68
3 51 56
7 51 64
1 51 56
5 209 222
3 209 214
3 209 221
1 209 212
6 209 220
2 209 212
7 119 130
2 119 123
4 119 134
2 119 124
7 119 131
2 119 126
4 289 294
1 289 293
3 289 295
1 289 290
3 289 297
1 289 290
5 12 23
2 12 15
9 12 24
3 12 23
3 12 18
1 12 13
9 288 312
6 288 300
8 288 304
2 288 291
8 288 306
4 288 296
6 46 56
1 46 50
7 46 67
5 46 51
5 46 56
2 46 50
9 82 97
6 82 90
6 82 98
4 82 86
9 82 96
4 82 88
4 258 273
2 258 261
9 258 280
6 258 270
9 258 280
7 258 268
5 23 37
1 23 26
5 23 33
2 23 27
5 23 31
3 23 29
8 40 63
6 40 49
7 40 51
1 40 46
7 40 51
2 40 47
6 137 150
3 137 145
8 137 156
3 137 143
5 137 147
2 137 141
6 27 40
4 27 36
8 27 48
5 27 38
9 27 49
6 27 37
6 124 134
1 124 129
9 124 144
5 124 137
3 124 137
1 124 126
7 51 69
4 51 58
6 51 69
3 51 56
7 51 63
2 51 58
6 170 186
4 170 177
8 170 186
5 170 177
9 170 186
6 170 181
8 114 128
5 114 122
5 114 125
2 114 118
4 114 119
1 114 116
3 97 110
1 97 100
8 97 111
6 97 106
4 97 105
2 97 101
4 247 260
1 247 250
3 247 259
1 247 248
9 247 261
2 247 250
9 10 31
3 10 15
8 10 23
4 10 18
7 10 26
5 10 15